ProgrNum,PacketType,AccX,AccY,AccZ,GyrX,GyrY,GyrZ,MagX,MagY,MagZ,Q0,Q1,Q2,Q3,Vbat
1,159,5099,15765,-804,-147,374,-940,-1002,-452,-1022,0.39703369140625,0.21435546875,-0.6915283203125,-0.56396484375,4.097
2,159,5524,15596,-592,-198,117,-1293,-766,-1985,-825,0.55340576171875,0.3956298828125,-0.60113525390625,-0.41925048828125,4.097
3,159,5644,15339,-444,-187,93,-1578,-766,-1985,-825,0.564208984375,0.398681640625,-0.595458984375,-0.40985107421875,4.097
4,159,5993,15361,-699,-350,109,-1939,-806,-2064,-629,0.5711669921875,0.406982421875,-0.59619140625,-0.39056396484375,4.097
5,159,6262,15451,-850,-328,244,-2200,-806,-2064,-629,0.57855224609375,0.41644287109375,-0.59326171875,-0.37384033203125,4.097
6,159,5797,15552,-913,-268,391,-2352,-688,-1985,-786,0.574951171875,0.43023681640625,-0.5850830078125,-0.37664794921875,4.097
91,159,-11028,16901,316,-676,3948,-4715,1317,-1946,-471,0.213134765625,0.6529541015625,-0.40576171875,-0.60272216796875,4.097
92,159,-11807,17398,162,-1865,5184,-4049,1277,-1946,-353,0.214599609375,0.65460205078125,-0.4024658203125,-0.60260009765625,4.097
93,159,-11907,18243,-718,-2002,4827,-3361,1277,-1946,-353,0.2164306640625,0.65606689453125,-0.399658203125,-0.60223388671875,4.097
94,159,-10131,21019,1562,-2463,5075,-3186,1317,-1907,-432,0.21875,0.65740966796875,-0.3968505859375,-0.601806640625,4.097
95,159,-10938,19994,-4498,-3724,5878,-2399,1317,-1907,-432,0.2216796875,0.65948486328125,-0.39422607421875,-0.6002197265625,4.097
96,159,-10254,19297,-1535,-1365,4428,-1953,1435,-1946,-471,0.22393798828125,0.66058349609375,-0.392578125,-0.5992431640625,4.097
97,159,-8093,21633,-7912,574,7019,-1453,1435,-1946,-471,0.22564697265625,0.66375732421875,-0.39202880859375,-0.595458984375,4.097
194,159,13547,-18625,9479,5889,-24915,3495,-334,2025,-275,-0.47308349609375,0.8575439453125,0.09783935546875,-0.1761474609375,4.097
195,159,17956,-15802,5993,4374,-21025,4357,-334,2025,-275,-0.47442626953125,0.8536376953125,0.10205078125,-0.18865966796875,4.097
196,159,20171,-13086,8588,3898,-14328,3965,-216,2025,-432,-0.475830078125,0.8505859375,0.1043701171875,-0.19744873046875,4.097
197,159,23826,-8412,21692,4100,-6517,2708,-216,2025,-432,-0.4779052734375,0.84832763671875,0.1048583984375,-0.2017822265625,4.097
258,159,8652,-12413,-3584,4239,-28333,5576,-412,1946,-275,-0.510498046875,0.75799560546875,0.22540283203125,-0.33709716796875,4.055
259,159,11014,-15858,-2481,3778,-32477,6321,-412,1946,-275,-0.5068359375,0.75006103515625,0.23333740234375,-0.35455322265625,4.055
260,159,9339,-20214,9146,8827,-32768,6466,-570,1985,-353,-0.5054931640625,0.73980712890625,0.23974609375,-0.37335205078125,4.055
261,159,4664,-15514,24280,11210,-23566,5617,-570,1985,-353,-0.50653076171875,0.73052978515625,0.24237060546875,-0.38824462890625,4.055
262,159,15737,-15509,9007,-440,-9803,3187,-609,1985,-353,-0.50482177734375,0.72808837890625,0.2451171875,-0.393310546875,4.055
263,159,18966,-19632,1343,-2677,-4684,2933,-609,1985,-353,-0.5028076171875,0.727783203125,0.2470703125,-0.39520263671875,4.055
264,159,14533,-20419,5343,5259,-1852,2114,-570,1985,-275,-0.50531005859375,0.725341796875,0.2464599609375,-0.39697265625,4.055
265,159,6539,-12934,18760,7922,2784,658,-570,1985,-275,-0.51007080078125,0.72283935546875,0.24365234375,-0.39715576171875,4.055
266,159,-1119,-11543,20041,-555,6377,-1309,-530,1946,-353,-0.5118408203125,0.7237548828125,0.24261474609375,-0.39385986328125,4.055
267,159,-2376,-14176,6984,-5524,7905,-3388,-530,1946,-353,-0.51226806640625,0.72607421875,0.24365234375,-0.38824462890625,4.055
268,159,-738,-14520,-2406,-3716,7999,-6063,-491,1985,-314,-0.51373291015625,0.72796630859375,0.2462158203125,-0.381103515625,4.055
269,159,2752,-13084,-3970,-1258,8115,-8066,-491,1985,-314,-0.51678466796875,0.7288818359375,0.24896240234375,-0.37335205078125,4.055
270,159,6516,-14617,-2562,-1551,6247,-8565,-491,1985,-314,-0.519775390625,0.7291259765625,0.25262451171875,-0.36627197265625,4.055
271,159,10525,-18201,-508,-1218,3906,-8275,-491,1985,-314,-0.52252197265625,0.72857666015625,0.2567138671875,-0.36053466796875,4.055
272,159,13142,-18046,3259,115,2990,-6830,-570,1985,-314,-0.5255126953125,0.72747802734375,0.260009765625,-0.3560791015625,4.055
273,159,15429,-16174,1095,-1415,5525,-5854,-570,1985,-314,-0.52783203125,0.72772216796875,0.2623291015625,-0.350341796875,4.055
274,159,18093,-15769,-3540,-1730,9083,-4444,-491,1946,-353,-0.5301513671875,0.72918701171875,0.262939453125,-0.3431396484375,4.055
275,159,16314,-15978,-6763,-1684,11146,-2689,-491,1946,-353,-0.53228759765625,0.73150634765625,0.2620849609375,-0.33551025390625,4.055
276,159,12224,-14562,-7005,108,11413,-1924,-491,1985,-393,-0.5350341796875,0.7333984375,0.2603759765625,-0.3282470703125,4.055
277,159,9749,-11734,-4094,1181,10198,-1567,-491,1985,-393,-0.53814697265625,0.73455810546875,0.2586669921875,-0.3218994140625,4.055
278,159,8695,-11409,-2470,-154,9395,-1410,-530,1867,-353,-0.54052734375,0.73590087890625,0.25738525390625,-0.31585693359375,4.055
279,159,9995,-12105,-4401,-141,8774,-1136,-530,1867,-353,-0.5426025390625,0.73724365234375,0.2562255859375,-0.31005859375,4.055
280,159,10874,-14178,-3833,685,6584,-420,-570,1946,-432,-0.54461669921875,0.73785400390625,0.2552490234375,-0.3057861328125,4.055
281,159,11499,-15046,-4351,1459,4288,186,-570,1946,-432,-0.5465087890625,0.73785400390625,0.25469970703125,-0.30291748046875,4.055
282,159,11872,-15275,-4532,2514,1324,1019,-570,1867,-471,-0.5482177734375,0.73699951171875,0.25457763671875,-0.30194091796875,4.055
283,159,10813,-13739,2551,5559,-2414,1590,-570,1867,-471,-0.55096435546875,0.73419189453125,0.254638671875,-0.30377197265625,4.055
284,159,4274,-10772,12138,3989,212,2117,-570,1946,-432,-0.5533447265625,0.732421875,0.253173828125,-0.30499267578125,4.055
285,159,4078,-13704,4500,2695,4965,1696,-570,1946,-432,-0.55609130859375,0.7318115234375,0.25091552734375,-0.30328369140625,4.055
286,159,7480,-13869,3944,5282,8148,1947,-491,1907,-393,-0.56048583984375,0.73101806640625,0.2469482421875,-0.30029296875,4.055
287,159,5970,-12455,4638,4611,10170,3059,-491,1907,-393,-0.56463623046875,0.73101806640625,0.24176025390625,-0.29681396484375,4.055
288,159,1822,-11400,5231,3270,7850,3348,-452,1946,-471,-0.5677490234375,0.73089599609375,0.2373046875,-0.29461669921875,4.055
289,159,2927,-12642,6885,1749,2597,3061,-452,1946,-471,-0.56939697265625,0.7303466796875,0.23516845703125,-0.29461669921875,4.055
290,159,4589,-15755,7595,318,276,3178,-452,1946,-432,-0.5699462890625,0.72991943359375,0.23419189453125,-0.29534912109375,4.055
291,159,6002,-16804,5438,101,-834,3753,-452,1946,-432,-0.5701904296875,0.72943115234375,0.2335205078125,-0.296630859375,4.055
292,159,6329,-15464,3960,509,-3171,4530,-373,2025,-589,-0.57000732421875,0.728515625,0.2333984375,-0.29925537109375,4.055
293,159,4906,-14904,4998,676,-7067,5302,-373,2025,-589,-0.5692138671875,0.726806640625,0.23419189453125,-0.30419921875,4.055
294,159,1874,-14333,6216,113,-12647,5620,-452,1985,-550,-0.5672607421875,0.72418212890625,0.23687744140625,-0.31201171875,4.055
295,159,991,-12839,4304,-950,-16509,5073,-452,1985,-550,-0.56427001953125,0.72100830078125,0.241455078125,-0.3211669921875,4.055
296,159,2399,-13133,2190,-2095,-20537,4527,-373,1946,-550,-0.56011962890625,0.71722412109375,0.248291015625,-0.3314208984375,4.055
297,159,3514,-13935,1237,-2492,-23624,4504,-373,1946,-550,-0.5550537109375,0.71295166015625,0.25640869140625,-0.34283447265625,4.055
298,159,4871,-13867,-19,-2296,-24971,4320,-373,1985,-511,-0.54962158203125,0.70819091796875,0.26507568359375,-0.35455322265625,4.055
299,159,6896,-14340,-1080,-2504,-25742,4220,-373,1985,-511,-0.54376220703125,0.70330810546875,0.27410888671875,-0.3663330078125,4.055
300,159,7987,-15734,-1658,-2400,-27361,4462,-570,1946,-432,-0.53729248046875,0.6978759765625,0.2835693359375,-0.37884521484375,4.055
301,159,6297,-15984,721,-972,-27598,4986,-570,1946,-432,-0.53131103515625,0.69158935546875,0.2923583984375,-0.39190673828125,4.055
302,159,5261,-15120,1354,-1035,-27177,4914,-570,1985,-314,-0.5252685546875,0.6851806640625,0.3009033203125,-0.4046630859375,4.055
303,159,5789,-14841,559,-1814,-27506,5216,-570,1985,-314,-0.5184326171875,0.67889404296875,0.30963134765625,-0.41729736328125,4.055
304,159,6405,-14966,-322,-2048,-27140,5476,-491,1985,-314,-0.51129150390625,0.67266845703125,0.318115234375,-0.4295654296875,4.055
305,159,7862,-15790,-1115,-2107,-26311,5458,-491,1985,-314,-0.50408935546875,0.66656494140625,0.32635498046875,-0.4412841796875,4.055
306,159,8463,-16190,-1090,-1452,-25854,5942,-491,2025,-235,-0.49700927734375,0.6602783203125,0.3338623046875,-0.4530029296875,4.055
307,159,7713,-15353,-265,-703,-25772,6397,-491,2025,-235,-0.48992919921875,0.6536865234375,0.34088134765625,-0.46484375,4.055
308,159,7508,-14750,-422,-828,-26319,6413,-491,1946,-235,-0.4825439453125,0.64678955078125,0.3480224609375,-0.476806640625,4.055
309,159,7702,-16159,309,-559,-28140,6294,-491,1946,-235,-0.47479248046875,0.63897705078125,0.3555908203125,-0.4893798828125,4.055
310,159,6735,-16922,2451,-315,-27491,6122,-570,2064,-196,-0.46722412109375,0.63092041015625,0.36279296875,-0.501708984375,4.055
311,159,6965,-17259,1480,-1070,-25712,5184,-570,2064,-196,-0.4598388671875,0.62335205078125,0.3699951171875,-0.5125732421875,4.055
312,159,9032,-17193,3463,-1108,-23903,4353,-491,2025,-157,-0.45306396484375,0.615966796875,0.37689208984375,-0.5224609375,4.055
313,159,9053,-18476,611,-2010,-19289,3827,-491,2025,-157,-0.447021484375,0.61029052734375,0.3829345703125,-0.52984619140625,4.055
314,159,9490,-18763,-362,-1729,-14607,3223,-609,2103,-78,-0.44232177734375,0.60595703125,0.38787841796875,-0.53515625,4.055
315,159,10340,-17497,-949,-848,-11418,2918,-609,2103,-78,-0.4388427734375,0.6024169921875,0.3916015625,-0.53924560546875,4.055
316,159,9602,-17057,523,-665,-9169,3427,-609,2025,-78,-0.435791015625,0.599609375,0.39447021484375,-0.542724609375,4.055
317,159,7572,-17261,1784,-508,-6296,3223,-609,2025,-78,-0.43365478515625,0.59765625,0.396484375,-0.545166015625,4.055
318,159,5661,-17055,529,-1768,-5072,3407,-491,2103,0,-0.43121337890625,0.59661865234375,0.3985595703125,-0.5467529296875,4.055
319,159,4606,-16809,-977,-2575,-4164,3425,-491,2103,0,-0.42852783203125,0.59625244140625,0.400634765625,-0.54766845703125,4.055
320,159,4960,-17069,-1484,-2632,-3871,2955,-609,2064,-39,-0.426025390625,0.59588623046875,0.40289306640625,-0.54833984375,4.055
321,159,4493,-17197,-2712,-3147,-3611,3271,-609,2064,-39,-0.4232177734375,0.59600830078125,0.4051513671875,-0.54888916015625,4.055
322,159,3008,-18386,-3878,-3349,-4399,3089,-491,2025,78,-0.41998291015625,0.595947265625,0.40765380859375,-0.54949951171875,4.055
323,159,3438,-18038,-4370,-2023,-5657,2629,-491,2025,78,-0.4171142578125,0.594970703125,0.41021728515625,-0.55084228515625,4.055
324,159,6016,-15536,-2924,-1379,-5415,2404,-570,2103,78,-0.414794921875,0.59368896484375,0.41259765625,-0.55218505859375,4.055
325,159,7127,-14780,-2806,-1972,-4753,2797,-570,2103,78,-0.412353515625,0.59283447265625,0.4149169921875,-0.55322265625,4.055
326,159,6645,-14179,-3808,-1885,-4937,3401,-412,2064,78,-0.40960693359375,0.5921630859375,0.4169921875,-0.55438232421875,4.055
327,159,6323,-13698,-3120,-699,-6534,4185,-412,2064,78,-0.4066162109375,0.59075927734375,0.418701171875,-0.5567626953125,4.055
328,159,5562,-12978,-2031,14,-8362,5151,-452,2103,78,-0.40313720703125,0.58868408203125,0.4202880859375,-0.560302734375,4.055
329,159,5141,-11850,-1183,301,-9833,5938,-452,2103,78,-0.39910888671875,0.586181640625,0.42181396484375,-0.56463623046875,4.055
330,159,4527,-11096,-494,353,-10182,6495,-530,2143,157,-0.394775390625,0.58355712890625,0.4232177734375,-0.5693359375,4.055
331,159,4621,-11479,363,-321,-9927,6693,-530,2143,157,-0.3902587890625,0.58111572265625,0.4246826171875,-0.57379150390625,4.055
332,159,3479,-13168,-33,-717,-9729,6667,-491,2103,196,-0.38555908203125,0.5789794921875,0.42626953125,-0.57806396484375,4.055
333,159,2145,-14460,-304,-208,-9859,6449,-491,2103,196,-0.38092041015625,0.57659912109375,0.427734375,-0.5823974609375,4.055
334,159,1405,-13841,-723,133,-10846,6168,-373,2143,157,-0.376220703125,0.57373046875,0.4293212890625,-0.58709716796875,4.055
335,159,-1175,-14285,2164,75,-13099,6120,-373,2143,157,-0.3709716796875,0.569580078125,0.4315185546875,-0.5927734375,4.055
336,159,-3416,-13688,1225,-1512,-12896,5423,-373,2103,157,-0.364990234375,0.56597900390625,0.43450927734375,-0.5977783203125,4.055
337,159,-2524,-15028,-1086,-2827,-14063,4825,-373,2103,157,-0.35833740234375,0.5623779296875,0.4383544921875,-0.6024169921875,4.055
338,159,-1622,-17049,-965,-2454,-17028,5380,-334,2143,235,-0.35076904296875,0.55755615234375,0.4425048828125,-0.6082763671875,4.055
339,159,-881,-17994,-512,-1864,-19977,5720,-334,2143,235,-0.342529296875,0.55133056640625,0.44696044921875,-0.61529541015625,4.055
340,159,68,-17912,-97,-2042,-22147,6098,-373,2143,275,-0.33343505859375,0.54425048828125,0.45184326171875,-0.623046875,4.055
341,159,578,-17424,-1977,-2299,-22755,6092,-373,2143,275,-0.3238525390625,0.5369873046875,0.456787109375,-0.63067626953125,4.055
342,159,680,-17036,-2036,-1332,-22141,5638,-294,2182,275,-0.31494140625,0.52960205078125,0.46124267578125,-0.63818359375,4.055
343,159,-52,-16200,-85,-263,-19713,4763,-294,2182,275,-0.30743408203125,0.5224609375,0.46502685546875,-0.64495849609375,4.055
344,159,-142,-15195,1289,-301,-16415,3378,-255,2103,275,-0.30157470703125,0.51605224609375,0.46856689453125,-0.6502685546875,4.055
345,159,24,-14573,2337,-134,-12509,1769,-255,2103,275,-0.29766845703125,0.51055908203125,0.4718017578125,-0.654052734375,4.055
346,159,848,-14275,4224,-79,-7928,128,-255,2143,275,-0.29608154296875,0.5062255859375,0.4744873046875,-0.65618896484375,4.055
347,159,2100,-14066,4536,-362,-4094,-1223,-255,2143,275,-0.296142578125,0.50311279296875,0.4769287109375,-0.65679931640625,4.055
348,159,2204,-15663,7102,36,-790,-2447,-255,2143,275,-0.29791259765625,0.50079345703125,0.478759765625,-0.65643310546875,4.055
349,159,2004,-20528,10372,-1177,3117,-2612,-255,2143,275,-0.300537109375,0.50030517578125,0.4803466796875,-0.65447998046875,4.055
350,159,4149,-21555,9700,-1616,8710,-3371,-216,2103,314,-0.30511474609375,0.50213623046875,0.4813232421875,-0.6502685546875,4.055
351,159,7705,-17381,6981,-3599,13893,-3363,-216,2103,314,-0.31060791015625,0.50653076171875,0.48211669921875,-0.6435546875,4.055
352,159,7151,-16405,5682,-5491,21994,-3299,-255,2143,235,-0.31805419921875,0.5146484375,0.48199462890625,-0.63348388671875,4.055
353,159,4310,-16542,-1080,-8341,29764,-3317,-255,2143,235,-0.32647705078125,0.52685546875,0.48162841796875,-0.61932373046875,4.055
354,159,721,-18577,-7557,-9526,32706,-3530,-294,2143,314,-0.3348388671875,0.540771484375,0.48077392578125,-0.60333251953125,4.055
355,159,-2213,-19832,-12822,-8484,32706,-4237,-294,2143,314,-0.34344482421875,0.55419921875,0.4793701171875,-0.58721923828125,4.055
356,159,-2765,-18263,-14412,-4431,31317,-5189,-334,2143,393,-0.3531494140625,0.565673828125,0.476806640625,-0.5723876953125,4.055
357,159,-1096,-14433,-13790,-2096,30140,-6005,-334,2143,393,-0.36358642578125,0.57568359375,0.47381591796875,-0.5582275390625,4.055
358,159,669,-13208,-12038,-2531,27984,-6090,-412,2064,353,-0.37310791015625,0.584716796875,0.47137451171875,-0.54443359375,4.055
359,159,874,-12769,-13254,-2876,26158,-5485,-412,2064,353,-0.38165283203125,0.5931396484375,0.4691162109375,-0.53118896484375,4.055
360,159,238,-12210,-15631,-1956,22632,-4650,-373,2103,314,-0.38897705078125,0.60028076171875,0.4669189453125,-0.5196533203125,4.055
361,159,-281,-12918,-15008,-717,16882,-4039,-373,2103,314,-0.394775390625,0.60528564453125,0.46539306640625,-0.5107421875,4.055
362,159,424,-14257,-13405,-680,11174,-3560,-334,2143,275,-0.3988037109375,0.60833740234375,0.46514892578125,-0.50421142578125,4.055
363,159,1969,-14794,-10791,355,9019,-2872,-334,2143,275,-0.40252685546875,0.6104736328125,0.46484375,-0.49896240234375,4.055
364,159,3795,-13753,-9664,517,10108,-2864,-412,2143,275,-0.40673828125,0.61279296875,0.46429443359375,-0.49322509765625,4.055
365,159,5257,-14402,-8675,248,11312,-3224,-412,2143,275,-0.41143798828125,0.615234375,0.463623046875,-0.48675537109375,4.055
366,159,6240,-13392,-6759,863,15354,-3442,-373,2103,235,-0.4178466796875,0.6185302734375,0.4617919921875,-0.478759765625,4.055
367,159,6024,-12542,-6516,485,19962,-3915,-373,2103,235,-0.425537109375,0.6231689453125,0.458984375,-0.4686279296875,4.055
368,159,4474,-13744,-6356,336,21781,-4467,-412,2064,275,-0.43377685546875,0.6280517578125,0.45574951171875,-0.45751953125,4.055
369,159,2557,-15690,-3603,554,22224,-4712,-412,2064,275,-0.4423828125,0.63262939453125,0.45233154296875,-0.44635009765625,4.055
370,159,5318,-15187,-5379,-880,22883,-5871,-412,2064,196,-0.4508056640625,0.6373291015625,0.44952392578125,-0.433837890625,4.055
371,159,8366,-14161,-6258,-1673,23978,-5593,-412,2064,196,-0.4591064453125,0.6424560546875,0.4464111328125,-0.42059326171875,4.055
372,159,7911,-11866,-7568,-633,26375,-4406,-452,2143,117,-0.4678955078125,0.64825439453125,0.441650390625,-0.40679931640625,4.055
373,159,5206,-11564,-8183,-821,26259,-3436,-452,2143,117,-0.4759521484375,0.65423583984375,0.4364013671875,-0.393310546875,4.055
374,159,1679,-12081,-9284,-1318,24364,-2437,-452,2143,39,-0.4825439453125,0.6602783203125,0.43115234375,-0.380859375,4.055
375,159,-781,-13828,-11223,-1443,19994,-2093,-452,2143,39,-0.48748779296875,0.665283203125,0.4268798828125,-0.3704833984375,4.055
376,159,354,-14573,-12093,-282,14398,-1731,-452,2143,39,-0.49127197265625,0.66864013671875,0.42388916015625,-0.36285400390625,4.055
377,159,1620,-14511,-9472,-212,7915,-149,-452,2143,39,-0.4931640625,0.67059326171875,0.42236328125,-0.3583984375,4.055
378,159,1592,-16176,-8496,-1504,3146,913,-452,2143,157,-0.4930419921875,0.672119140625,0.422119140625,-0.35601806640625,4.055
379,159,2551,-17623,-9466,-2300,-2227,1841,-452,2143,157,-0.49090576171875,0.6728515625,0.4234619140625,-0.35601806640625,4.055
380,159,2961,-17484,-10176,-2119,-6995,3062,-530,2103,39,-0.48724365234375,0.6727294921875,0.42578125,-0.35845947265625,4.055
381,159,3554,-15865,-11110,-1558,-10317,3544,-530,2103,39,-0.4827880859375,0.67181396484375,0.42877197265625,-0.36260986328125,4.055
382,159,4410,-15593,-12605,-1196,-13183,3599,-570,2143,117,-0.4775390625,0.670166015625,0.43255615234375,-0.3680419921875,4.055
383,159,3671,-17472,-11047,248,-16211,4016,-570,2143,117,-0.47210693359375,0.66729736328125,0.43670654296875,-0.37530517578125,4.055
384,159,3859,-18500,-9697,1648,-17601,3980,-412,2103,117,-0.4669189453125,0.66351318359375,0.44085693359375,-0.383544921875,4.055
385,159,6555,-18839,-9181,2598,-17937,4131,-412,2103,117,-0.46221923828125,0.65911865234375,0.44488525390625,-0.39202880859375,4.055
386,159,8355,-18305,-3907,3815,-17649,5061,-373,2103,235,-0.45831298828125,0.654296875,0.447998046875,-0.4010009765625,4.055
387,159,10278,-15784,-1351,4647,-15664,4867,-373,2103,235,-0.4554443359375,0.64947509765625,0.4503173828125,-0.409423828125,4.055
388,159,7724,-19118,7877,2535,-14809,6405,-373,2182,39,-0.45166015625,0.645751953125,0.45159912109375,-0.4180908203125,4.055
389,159,921,-16814,6889,323,-6680,6472,-373,2182,39,-0.44915771484375,0.644775390625,0.4508056640625,-0.423095703125,4.055
390,159,6482,-15957,-3240,-1920,-1047,3732,-491,2103,117,-0.44781494140625,0.64544677734375,0.451171875,-0.4229736328125,4.055
391,159,14014,-17616,-2543,-157,-598,4850,-491,2103,117,-0.44720458984375,0.64605712890625,0.450439453125,-0.423583984375,4.055
392,159,11941,-16000,-3067,584,1794,5776,-373,2064,157,-0.447265625,0.64739990234375,0.4483642578125,-0.423583984375,4.055
393,159,7242,-15532,-418,2034,-1229,6024,-373,2064,157,-0.44720458984375,0.64739990234375,0.44659423828125,-0.425537109375,4.055
394,159,4212,-13392,3951,1267,-3912,6216,-373,2143,196,-0.44610595703125,0.64678955078125,0.44525146484375,-0.4290771484375,4.055
395,159,2746,-15172,1942,-2206,-7273,6038,-373,2143,196,-0.44268798828125,0.64605712890625,0.446044921875,-0.43280029296875,4.055
396,159,2118,-17746,-1155,-2580,-9010,5638,-334,2103,117,-0.43853759765625,0.64501953125,0.4478759765625,-0.436767578125,4.055
397,159,3865,-15774,-4436,-2896,-9481,5148,-334,2103,117,-0.4337158203125,0.6441650390625,0.4503173828125,-0.44024658203125,4.055
398,159,4937,-16079,-4668,-4329,-8875,5110,-255,2143,196,-0.4285888671875,0.64385986328125,0.45294189453125,-0.44305419921875,4.055
399,159,4640,-16325,-9538,-5181,-4796,4618,-255,2143,196,-0.42388916015625,0.64520263671875,0.45489501953125,-0.44366455078125,4.055
400,159,5647,-16158,-15806,-4833,-2966,4353,-216,2143,235,-0.419677734375,0.6470947265625,0.45623779296875,-0.4434814453125,4.055
401,159,6386,-16336,-15697,-698,-2401,4470,-216,2143,235,-0.41741943359375,0.64801025390625,0.45623779296875,-0.44427490234375,4.055
402,159,4854,-13081,-14511,2643,-701,4376,-255,2260,275,-0.41693115234375,0.64862060546875,0.454833984375,-0.44537353515625,4.055
403,159,4463,-11098,-11382,3537,-538,4512,-255,2260,275,-0.41693115234375,0.64898681640625,0.45306396484375,-0.4466552734375,4.055
404,159,3544,-11521,-8866,3125,75,5224,-255,2182,275,-0.41680908203125,0.64971923828125,0.450927734375,-0.44775390625,4.055
405,159,1236,-13382,-8585,2409,-496,5544,-255,2182,275,-0.41607666015625,0.650634765625,0.448974609375,-0.44915771484375,4.055
406,159,2367,-13603,-8870,3011,-888,5342,-176,2064,157,-0.41558837890625,0.651123046875,0.447021484375,-0.45074462890625,4.055
407,159,5053,-13079,-5969,4380,738,5829,-176,2064,157,-0.41650390625,0.65155029296875,0.44415283203125,-0.4521484375,4.055
408,159,5473,-11573,-4576,3193,3595,6395,-137,2221,157,-0.417724609375,0.65313720703125,0.440673828125,-0.45208740234375,4.055
409,159,5299,-13006,-6119,596,6064,6577,-137,2221,157,-0.41827392578125,0.6563720703125,0.4371337890625,-0.4503173828125,4.055
410,159,3598,-17083,-8104,385,9683,6775,-216,2221,235,-0.4195556640625,0.66082763671875,0.43255615234375,-0.44708251953125,4.055
411,159,1349,-18770,-10739,1352,13517,6576,-216,2221,235,-0.42205810546875,0.66619873046875,0.4266357421875,-0.44244384765625,4.055
412,159,-705,-18569,-10153,3648,15573,6414,-98,2221,196,-0.426025390625,0.67144775390625,0.41937255859375,-0.43756103515625,4.055
413,159,-3938,-16690,-7439,5385,16357,6319,-98,2221,196,-0.43084716796875,0.6763916015625,0.41119384765625,-0.43304443359375,4.055
414,159,-4173,-14967,-4229,5336,16516,5895,-58,2103,196,-0.4359130859375,0.68096923828125,0.403076171875,-0.428466796875,4.055
415,159,-2282,-15497,-2916,3647,16104,5862,-58,2103,196,-0.440673828125,0.68536376953125,0.39569091796875,-0.42340087890625,4.055
416,159,-2443,-17007,-3731,2438,15843,6411,58,2143,39,-0.444580078125,0.69012451171875,0.38836669921875,-0.4183349609375,4.055
417,159,-3094,-15914,-5682,2675,14838,6659,58,2143,39,-0.44775390625,0.6949462890625,0.381103515625,-0.4136962890625,4.055
418,159,-2613,-14016,-5248,2728,12338,6799,216,2182,117,-0.45025634765625,0.6990966796875,0.374267578125,-0.41021728515625,4.055
419,159,-2189,-13863,-3868,1675,8085,7353,216,2182,117,-0.45135498046875,0.70220947265625,0.3687744140625,-0.4085693359375,4.055
420,159,-7467,-15459,-6256,159,6066,9077,137,2103,117,-0.449951171875,0.70623779296875,0.36297607421875,-0.408447265625,4.055
421,159,-12638,-21144,-3556,715,-1185,9588,137,2103,117,-0.44708251953125,0.707763671875,0.35845947265625,-0.41290283203125,4.055
422,159,-16373,-18079,-4165,1531,-6955,9554,176,2221,117,-0.442626953125,0.7078857421875,0.35504150390625,-0.4202880859375,4.055
423,159,-13480,-14319,-3145,777,-10288,7699,176,2221,117,-0.43756103515625,0.7069091796875,0.35357666015625,-0.428466796875,4.055
424,159,-10827,-17847,-3325,-2325,-9229,6434,176,2182,78,-0.4322509765625,0.706298828125,0.3538818359375,-0.4345703125,4.055
425,159,-11107,-21612,-7394,-1802,-7195,4667,176,2182,78,-0.4281005859375,0.70599365234375,0.3546142578125,-0.4385986328125,4.055
426,159,-10487,-21099,-3026,2084,-8520,2710,294,2143,39,-0.42657470703125,0.70306396484375,0.355224609375,-0.4442138671875,4.055
427,159,-9124,-15925,2714,2257,-8033,748,294,2143,39,-0.42620849609375,0.6993408203125,0.35601806640625,-0.44970703125,4.055
428,159,-4247,-12214,1151,-1900,-4749,-1294,412,2143,78,-0.42584228515625,0.697021484375,0.3583984375,-0.45172119140625,4.055
429,159,-2012,-14738,-3725,-2997,-2102,-1946,412,2143,78,-0.4251708984375,0.69647216796875,0.36151123046875,-0.45074462890625,4.055
430,159,-1403,-13124,-8001,-1312,-690,-2670,334,2143,78,-0.4251708984375,0.69622802734375,0.364013671875,-0.4490966796875,4.055
431,159,1338,-11603,-4392,1251,-5151,-2877,334,2143,78,-0.4259033203125,0.69354248046875,0.36737060546875,-0.44989013671875,4.055
432,159,572,-7828,-500,2202,-7056,-871,255,2143,0,-0.42669677734375,0.6898193359375,0.3699951171875,-0.45263671875,4.055
433,159,-50,-6063,-1394,804,-9099,162,255,2143,0,-0.42559814453125,0.6865234375,0.3731689453125,-0.45611572265625,4.055
434,159,1739,-8629,-1872,282,-11263,1516,294,2143,-39,-0.4234619140625,0.68292236328125,0.37652587890625,-0.4605712890625,4.055
435,159,2522,-12081,-2260,684,-12050,2542,294,2143,-39,-0.42108154296875,0.67919921875,0.3795166015625,-0.4658203125,4.055
436,159,2929,-14905,-1555,1762,-12293,3003,216,2143,39,-0.4190673828125,0.675048828125,0.38201904296875,-0.47161865234375,4.055
437,159,2655,-15338,-24,2491,-11298,3376,216,2143,39,-0.41754150390625,0.6708984375,0.38372802734375,-0.4774169921875,4.055
438,159,4365,-15206,-1787,1871,-9033,2885,294,2182,39,-0.41632080078125,0.667724609375,0.3853759765625,-0.481689453125,4.055
439,159,5062,-17049,-1633,2693,-8958,3308,294,2182,39,-0.415283203125,0.664306640625,0.38653564453125,-0.48626708984375,4.055
440,159,1113,-14331,-223,4188,-9250,3832,294,2182,0,-0.414794921875,0.660400390625,0.38690185546875,-0.49169921875,4.055
441,159,-1794,-13514,3522,3762,-11797,4173,294,2182,0,-0.413330078125,0.65557861328125,0.3873291015625,-0.49908447265625,4.055
442,159,-3177,-15535,3393,742,-15084,4705,294,2143,-117,-0.40960693359375,0.65045166015625,0.3892822265625,-0.5072021484375,4.055
443,159,-1603,-17369,767,-21,-18013,4745,294,2143,-117,-0.40472412109375,0.64471435546875,0.39276123046875,-0.51568603515625,4.055
444,159,1632,-16718,-3088,-196,-17986,4737,334,2143,39,-0.39935302734375,0.63946533203125,0.3966064453125,-0.5234375,4.055
445,159,4319,-18097,-1319,1291,-19153,5185,334,2143,39,-0.39422607421875,0.63330078125,0.39996337890625,-0.53216552734375,4.055
446,159,438,-16323,-2899,1811,-15515,5816,373,2103,0,-0.3897705078125,0.62860107421875,0.40191650390625,-0.53955078125,4.055
447,159,-1736,-14921,-3507,2387,-12653,4931,373,2103,0,-0.38616943359375,0.62469482421875,0.40313720703125,-0.54571533203125,4.055
448,159,-806,-14666,-3002,2664,-10496,4422,373,2143,-78,-0.38348388671875,0.6212158203125,0.40399169921875,-0.5509033203125,4.055
449,159,-2052,-15140,-1218,3489,-7683,3758,373,2143,-78,-0.38238525390625,0.6180419921875,0.404052734375,-0.55517578125,4.055
450,159,-4250,-16343,-334,3883,-5376,2791,373,2143,-78,-0.38226318359375,0.61529541015625,0.40362548828125,-0.55865478515625,4.055
451,159,-5025,-18755,615,3532,-3951,1668,373,2143,-78,-0.38299560546875,0.61260986328125,0.4033203125,-0.56134033203125,4.055
452,159,-1056,-19022,1761,3987,-2525,123,373,2182,-78,-0.38507080078125,0.6097412109375,0.4033203125,-0.56298828125,4.055
453,159,866,-17500,2473,3458,-364,1014,373,2182,-78,-0.38720703125,0.6080322265625,0.402587890625,-0.56390380859375,4.055
454,159,-881,-20516,2892,1447,2185,574,373,2103,-157,-0.389404296875,0.6075439453125,0.40203857421875,-0.56329345703125,4.055
455,159,-178,-20684,-2187,-64,5335,464,373,2103,-157,-0.39141845703125,0.609130859375,0.40155029296875,-0.560546875,4.055
456,159,607,-20373,-4188,542,6350,523,373,2221,-157,-0.3936767578125,0.61114501953125,0.400634765625,-0.55743408203125,4.055
457,159,198,-20748,-6326,-144,6240,1027,373,2221,-157,-0.395263671875,0.6136474609375,0.399658203125,-0.55426025390625,4.055
458,159,-109,-20886,-10166,24,5260,1232,412,2182,-196,-0.39630126953125,0.61602783203125,0.3988037109375,-0.551513671875,4.055
459,159,6,-21278,-11832,2308,3460,1321,412,2182,-196,-0.397705078125,0.6171875,0.3974609375,-0.55010986328125,4.055
460,159,482,-21316,-10340,4735,425,1468,373,2103,-117,-0.39935302734375,0.61669921875,0.39605712890625,-0.550537109375,4.055
461,159,3220,-18589,-9009,5058,-1301,1218,373,2103,-117,-0.40093994140625,0.615234375,0.3951416015625,-0.5516357421875,4.055
462,159,7424,-18097,-10358,3413,-163,1558,452,2182,-117,-0.402099609375,0.61468505859375,0.39447021484375,-0.55181884765625,4.055
463,159,9665,-19154,-14039,3066,2430,2091,452,2182,-117,-0.40350341796875,0.61541748046875,0.39306640625,-0.551025390625,4.055
464,159,9704,-19768,-16753,6076,5382,2531,373,2103,-196,-0.4066162109375,0.61651611328125,0.38958740234375,-0.5499267578125,4.055
465,159,7802,-18381,-13122,10405,7254,2593,373,2103,-196,-0.41192626953125,0.61712646484375,0.384033203125,-0.54925537109375,4.055
466,159,5300,-15664,-9172,11410,8171,2221,452,2103,-157,-0.41802978515625,0.61761474609375,0.37799072265625,-0.54833984375,4.055
467,159,6198,-14985,-7682,10171,8408,1512,452,2103,-157,-0.42401123046875,0.6181640625,0.37261962890625,-0.5467529296875,4.055
468,159,9530,-15604,-7498,9516,9577,856,530,2103,-314,-0.430419921875,0.61895751953125,0.36749267578125,-0.54437255859375,4.055
469,159,11702,-15382,-7869,10107,11842,946,530,2103,-314,-0.4375,0.62030029296875,0.3614501953125,-0.541259765625,4.055
470,159,13369,-15390,-6394,11403,14223,1058,491,2064,-314,-0.4456787109375,0.6219482421875,0.3541259765625,-0.5374755859375,4.055
471,159,15097,-14358,-3928,11376,16412,1680,491,2064,-314,-0.45416259765625,0.624267578125,0.34588623046875,-0.5330810546875,4.055
472,159,15940,-13412,-2810,10590,19423,2682,570,2025,-393,-0.46258544921875,0.6279296875,0.33648681640625,-0.52752685546875,4.055
473,159,14936,-12001,-3140,9829,22006,3902,570,2025,-393,-0.47076416015625,0.6328125,0.3260498046875,-0.52099609375,4.055
474,159,13130,-10435,-3821,9103,23561,4622,609,2025,-393,-0.478515625,0.63848876953125,0.31500244140625,-0.51373291015625,4.055
475,159,12253,-8146,-5724,8357,24930,4709,609,2025,-393,-0.48590087890625,0.6448974609375,0.3037109375,-0.50555419921875,4.055
476,159,12834,-5333,-7526,8595,25472,4325,648,1985,-471,-0.49334716796875,0.6512451171875,0.29217529296875,-0.49688720703125,4.055
477,159,13353,-3594,-8491,8139,26997,3334,648,1985,-471,-0.5009765625,0.657958984375,0.2806396484375,-0.487060546875,4.055
478,159,14675,-1073,-10450,8359,29308,2155,806,2064,-471,-0.5091552734375,0.6649169921875,0.26861572265625,-0.47564697265625,4.055
479,159,16126,1014,-11023,9358,31351,1119,806,2064,-471,-0.51824951171875,0.6717529296875,0.255859375,-0.463134765625,4.055
480,159,17488,2339,-8771,10464,31875,482,884,1946,-432,-0.5279541015625,0.6778564453125,0.24267578125,-0.45025634765625,4.055
481,159,19507,5976,-7836,10492,31814,372,884,1946,-432,-0.5374755859375,0.6834716796875,0.2293701171875,-0.43731689453125,4.055
482,159,24085,8851,-3918,9989,30780,1356,924,1907,-432,-0.54620361328125,0.68865966796875,0.2158203125,-0.42510986328125,4.055
483,159,26237,10847,59,7978,29917,4041,924,1907,-432,-0.552978515625,0.69427490234375,0.2017822265625,-0.41387939453125,4.055
484,159,24162,12037,1373,5210,28674,7427,963,1946,-471,-0.5572509765625,0.70074462890625,0.187255859375,-0.40399169921875,4.055
485,159,21036,13424,767,3152,25606,10962,963,1946,-471,-0.55908203125,0.70733642578125,0.17266845703125,-0.39642333984375,4.055
486,159,19922,15216,790,1719,21405,14473,1159,1985,-393,-0.55865478515625,0.713623046875,0.158203125,-0.3917236328125,4.055
487,159,19037,17835,1890,185,16645,18302,1159,1985,-393,-0.555908203125,0.71942138671875,0.14398193359375,-0.3905029296875,4.055
488,159,20066,20385,1271,-1338,13252,22068,1238,1867,-393,-0.551025390625,0.72515869140625,0.1295166015625,-0.39190673828125,4.055
489,159,18019,23149,26,-3070,11370,25761,1238,1867,-393,-0.5439453125,0.731201171875,0.11431884765625,-0.39532470703125,4.055
490,159,15286,26327,-3132,-3758,10677,29166,1356,1789,-393,-0.5352783203125,0.7373046875,0.0977783203125,-0.40008544921875,4.055
491,159,12602,29879,-4332,-3476,9338,32474,1356,1789,-393,-0.5255126953125,0.74298095703125,0.0799560546875,-0.406494140625,4.055
492,159,9419,32767,-4245,-3325,8243,32593,1513,1710,-235,-0.515380859375,0.7479248046875,0.06219482421875,-0.41339111328125,4.055
493,159,3786,32767,-3683,-3849,6938,32593,1513,1710,-235,-0.504638671875,0.75238037109375,0.04486083984375,-0.42083740234375,4.055
494,159,-1671,32750,-3864,-5184,5362,32593,1749,1435,-235,-0.4927978515625,0.75640869140625,0.02825927734375,-0.42889404296875,4.055
495,159,-4205,32714,-4613,-5666,4565,32593,1749,1435,-235,-0.48040771484375,0.76007080078125,0.011962890625,-0.4371337890625,4.055
496,159,-7571,32675,-4657,-5011,5125,32593,1828,1395,-314,-0.46807861328125,0.7633056640625,-0.00469970703125,-0.4449462890625,4.055
497,159,-11411,32627,-4986,-4812,6316,32593,1828,1395,-314,-0.45556640625,0.76641845703125,-0.02191162109375,-0.45208740234375,4.055
498,159,-15044,32586,-4915,-4635,7436,32593,2103,1199,-196,-0.4427490234375,0.7694091796875,-0.03961181640625,-0.45843505859375,4.055
499,159,-19243,32532,-5539,-4379,8336,32593,2103,1199,-196,-0.4298095703125,0.772216796875,-0.05767822265625,-0.46417236328125,4.055
500,159,-23748,32479,-5578,-4711,9899,32593,2182,963,-117,-0.41632080078125,0.77508544921875,-0.07611083984375,-0.46893310546875,4.055
501,159,-26774,32426,-7536,-5568,11860,32593,2182,963,-117,-0.4019775390625,0.77838134765625,-0.09478759765625,-0.4725341796875,4.055
502,159,-29495,32376,-9696,-5788,14543,32593,2260,688,-78,-0.3870849609375,0.78216552734375,-0.1141357421875,-0.47454833984375,4.055
503,159,-31027,32347,-10961,-6118,15862,32593,2260,688,-78,-0.37158203125,0.785888671875,-0.13360595703125,-0.4755859375,4.055
504,159,-32768,32319,-11593,-6205,17008,32593,2378,491,0,-0.355712890625,0.78955078125,-0.15325927734375,-0.475830078125,4.055
505,159,-32768,32308,-12542,-6986,17667,32593,2378,491,0,-0.339111328125,0.79302978515625,-0.1727294921875,-0.4754638671875,4.055
506,159,-32768,32299,-13569,-8905,16058,32593,2457,176,117,-0.32135009765625,0.79595947265625,-0.191162109375,-0.475830078125,4.055
507,159,-32768,32277,-16080,-10106,15640,32593,2457,176,117,-0.30279541015625,0.79852294921875,-0.208984375,-0.47625732421875,4.055
508,159,-32768,32263,-17640,-10896,13688,32593,2418,19,235,-0.28387451171875,0.80010986328125,-0.22607421875,-0.4774169921875,4.055
509,159,-32768,30433,-16122,-11954,11992,32593,2418,19,235,-0.264404296875,0.80084228515625,-0.2423095703125,-0.47943115234375,4.055
510,159,-32768,28305,-16982,-12815,12421,32593,2496,-176,235,-0.2442626953125,0.80133056640625,-0.25823974609375,-0.48101806640625,4.055
511,159,-32768,26866,-18965,-13204,11444,32593,2496,-176,235,-0.22381591796875,0.80108642578125,-0.273681640625,-0.4827880859375,4.055
512,159,-32768,26072,-18529,-13102,9327,32593,2418,-452,275,-0.20367431640625,0.79962158203125,-0.2886962890625,-0.48541259765625,4.055
513,159,-32768,27112,-17844,-11748,8415,32593,2418,-452,275,-0.18426513671875,0.79718017578125,-0.30377197265625,-0.48797607421875,4.055
514,159,-32768,27290,-20735,-16322,7881,32593,2418,-648,432,-0.16241455078125,0.794677734375,-0.31719970703125,-0.4913330078125,4.055
515,159,-32768,23503,-21407,-15531,6970,32593,2418,-648,432,-0.14111328125,0.79132080078125,-0.33050537109375,-0.49456787109375,4.055
516,159,-32768,20976,-24139,-11621,4317,32593,2300,-924,393,-0.12237548828125,0.78643798828125,-0.344482421875,-0.4976806640625,4.055
517,159,-32768,21734,-15736,-10825,2017,32593,2300,-924,393,-0.1044921875,0.77984619140625,-0.3583984375,-0.5023193359375,4.055
518,159,-32768,19334,-17616,-12692,448,32593,2221,-1120,471,-0.086181640625,0.77264404296875,-0.371337890625,-0.507568359375,4.055
519,159,-32768,16016,-18949,-10685,-1394,32593,2221,-1120,471,-0.0697021484375,0.7645263671875,-0.38421630859375,-0.5126953125,4.055
520,159,-32768,15315,-15748,-8727,-1594,32593,2143,-1435,393,-0.054443359375,0.75567626953125,-0.3975830078125,-0.5174560546875,4.055
521,159,-32768,13341,-16828,-8653,-1805,31905,2143,-1435,393,-0.03997802734375,0.74688720703125,-0.41009521484375,-0.52166748046875,4.055
522,159,-32768,11803,-15110,-6726,-1973,30908,1946,-1553,314,-0.02734375,0.73797607421875,-0.42236328125,-0.5252685546875,4.055
523,159,-32768,8020,-11883,-6047,-3847,30331,1946,-1553,314,-0.01654052734375,0.7283935546875,-0.433837890625,-0.529541015625,4.055
524,159,-32759,7060,-8557,-5659,-5217,29316,1789,-1789,314,-0.00677490234375,0.71832275390625,-0.44476318359375,-0.534423828125,4.055
525,159,-32707,5369,-5687,-6712,-10146,28488,1789,-1789,314,0.00177001953125,0.70660400390625,-0.45465087890625,-0.54168701171875,4.055
526,159,-32615,3026,115,-6921,-11371,28559,1749,-1789,196,0.01043701171875,0.694091796875,-0.46441650390625,-0.54949951171875,4.055
527,159,-32768,26675,-32230,-32641,32706,32593,1749,-1789,196,0.04656982421875,0.69573974609375,-0.4671630859375,-0.5433349609375,4.055
528,159,-32768,32131,-32270,-32641,-32768,3226,1553,-1985,117,0.05267333984375,0.68231201171875,-0.45806884765625,-0.56695556640625,4.055
529,159,32461,32767,-3070,32767,-32768,-32768,1553,-1985,117,0.0174560546875,0.68035888671875,-0.45709228515625,-0.57232666015625,4.055
530,159,32767,7222,32416,1163,-32768,13473,1435,-1985,78,0.0125732421875,0.663818359375,-0.46380615234375,-0.58636474609375,4.055
531,159,23121,-32048,32767,-32641,30582,20554,1435,-1985,78,0.0433349609375,0.6685791015625,-0.45965576171875,-0.582763671875,4.055
532,159,-32768,21945,-32195,-32641,32706,4711,1631,-1907,78,0.06866455078125,0.67889404296875,-0.4483642578125,-0.5771484375,4.055
533,159,22816,17492,-32755,31622,27665,-458,1631,-1907,78,0.06341552734375,0.69073486328125,-0.45947265625,-0.5545654296875,4.055
534,159,-2508,32767,32600,32767,-8626,14971,1592,-1789,0,0.052001953125,0.68377685546875,-0.47821044921875,-0.5484619140625,4.055
535,159,-21074,32673,12865,-28408,32706,7577,1592,-1789,0,0.0777587890625,0.69110107421875,-0.47015380859375,-0.54327392578125,4.055
536,159,-15654,30076,-32442,-32641,-2924,9493,1671,-1907,235,0.09521484375,0.68572998046875,-0.46331787109375,-0.55291748046875,4.055
537,159,489,-2289,-11044,13581,-16437,15234,1671,-1907,235,0.0892333984375,0.677001953125,-0.47607421875,-0.5535888671875,4.055
538,159,-8723,32764,6967,5176,-5706,10720,1553,-1985,157,0.09002685546875,0.67120361328125,-0.48321533203125,-0.55462646484375,4.055
539,159,-854,26770,-6295,-4094,-2637,11399,1553,-1985,157,0.0965576171875,0.665771484375,-0.487548828125,-0.55633544921875,4.055
540,159,-7889,21784,-2478,49,-3640,9949,1513,-1985,117,0.10040283203125,0.66033935546875,-0.49249267578125,-0.55780029296875,4.055
541,159,-1840,21812,1759,-1152,2613,8610,1513,-1985,117,0.10601806640625,0.6575927734375,-0.49591064453125,-0.55694580078125,4.055
542,159,-9747,19423,-7806,-3745,5683,7385,1435,-1985,196,0.1131591796875,0.65655517578125,-0.497802734375,-0.55511474609375,4.055
543,159,-5904,18692,-9266,489,903,6253,1435,-1985,196,0.11663818359375,0.65460205078125,-0.50128173828125,-0.5535888671875,4.055
544,159,-9880,16579,-6430,-1291,3734,6711,1395,-2143,117,0.1217041015625,0.65313720703125,-0.503662109375,-0.552001953125,4.055
545,159,-12723,10246,-8721,1500,687,6984,1395,-2143,117,0.12298583984375,0.65179443359375,-0.50689697265625,-0.55029296875,4.055
546,159,-14115,8351,942,3158,514,7230,1356,-2064,157,0.123779296875,0.649658203125,-0.51019287109375,-0.549560546875,4.055
547,159,-14979,5316,226,2871,57,6958,1356,-2064,157,0.1240234375,0.647705078125,-0.51324462890625,-0.54888916015625,4.055
548,159,-14274,6382,4234,4168,499,6619,1238,-2143,117,0.12432861328125,0.6458740234375,-0.51678466796875,-0.54779052734375,4.055
549,159,-12603,9903,2507,1878,2387,6735,1238,-2143,117,0.12646484375,0.6441650390625,-0.51934814453125,-0.5467529296875,4.055
550,159,-10889,12511,-2342,464,2616,6825,1356,-2143,314,0.12957763671875,0.6422119140625,-0.521484375,-0.54638671875,4.055
551,159,-8102,15801,-7374,-374,1740,7287,1356,-2143,314,0.133544921875,0.64013671875,-0.52459716796875,-0.544921875,4.055
552,159,-7965,18320,-10328,-585,651,8035,1317,-2260,196,0.13751220703125,0.63751220703125,-0.52813720703125,-0.54364013671875,4.055
553,159,-8618,20367,-9103,-1015,-1527,8026,1317,-2260,196,0.14105224609375,0.6337890625,-0.53167724609375,-0.5435791015625,4.055
554,159,-7411,19263,-12315,-1441,-3910,8361,1317,-2221,157,0.14373779296875,0.6295166015625,-0.535400390625,-0.544189453125,4.055
555,159,-6680,16813,-8547,-279,-5917,8920,1317,-2221,157,0.1456298828125,0.62420654296875,-0.5399169921875,-0.54541015625,4.055
556,159,-8337,14505,-5110,201,-6045,9115,1159,-2182,235,0.14715576171875,0.61846923828125,-0.544189453125,-0.5472412109375,4.055
557,159,-9065,15252,-3146,405,-6823,8867,1159,-2182,235,0.14825439453125,0.61224365234375,-0.548095703125,-0.54998779296875,4.055
558,159,-9968,17171,-1232,-141,-7865,8565,1159,-2143,157,0.149169921875,0.60552978515625,-0.55157470703125,-0.55364990234375,4.055
559,159,-7849,18350,-1677,-461,-8384,7724,1159,-2143,157,0.150146484375,0.59869384765625,-0.554931640625,-0.55743408203125,4.055
560,159,-6273,19619,-1922,-759,-8704,7086,1042,-2260,196,0.15118408203125,0.59185791015625,-0.55828857421875,-0.5611572265625,4.055
561,159,-4634,20365,-3274,-903,-8122,6633,1042,-2260,196,0.1524658203125,0.58538818359375,-0.56158447265625,-0.564208984375,4.055
562,159,-4392,20243,-4347,-1160,-7388,6487,1042,-2221,196,0.15399169921875,0.579345703125,-0.56475830078125,-0.56689453125,4.055
563,159,-4679,19920,-3876,-1325,-7661,6229,1042,-2221,196,0.15533447265625,0.5732421875,-0.56768798828125,-0.56982421875,4.055
564,159,-5276,20033,-4284,-2000,-8023,5539,1002,-2260,196,0.15643310546875,0.56719970703125,-0.57012939453125,-0.5731201171875,4.055
565,159,-3893,19075,-4272,-2674,-8498,4811,1002,-2260,196,0.1573486328125,0.56121826171875,-0.57220458984375,-0.57672119140625,4.055
566,159,-3254,18171,-3583,-2530,-8049,4175,924,-2300,78,0.15826416015625,0.55548095703125,-0.57403564453125,-0.58013916015625,4.055
567,159,-3041,17154,-2356,-2532,-6663,3217,924,-2300,78,0.1593017578125,0.550537109375,-0.57525634765625,-0.5833740234375,4.055
568,159,-2198,15884,-2109,-2657,-4338,2048,924,-2260,0,0.160888671875,0.54681396484375,-0.5758056640625,-0.58587646484375,4.055
569,159,-3014,14064,-518,-2088,-2446,870,924,-2260,0,0.16241455078125,0.54425048828125,-0.5755615234375,-0.58807373046875,4.055
570,159,-6762,13932,-2400,-1355,-3335,-474,884,-2221,0,0.16180419921875,0.5426025390625,-0.574951171875,-0.5904541015625,4.055
571,159,-8882,13979,-4730,-477,-8317,-1637,884,-2221,0,0.15789794921875,0.540283203125,-0.57489013671875,-0.59368896484375,4.055
572,159,-7099,14967,-514,-140,-13662,-2987,845,-2339,-39,0.15234375,0.53521728515625,-0.5745849609375,-0.59991455078125,4.055
573,159,-5445,15040,594,-1066,-15625,-4354,845,-2339,-39,0.146240234375,0.529541015625,-0.57391357421875,-0.60711669921875,4.055
574,159,-3051,14526,-123,-1634,-14890,-5768,845,-2339,-39,0.140380859375,0.52447509765625,-0.57281494140625,-0.61383056640625,4.055
575,159,-3810,14085,583,-1459,-13875,-6849,845,-2339,-39,0.13421630859375,0.52020263671875,-0.5711669921875,-0.620361328125,4.055
576,159,-4882,13811,3522,-1769,-13222,-8301,884,-2339,0,0.12738037109375,0.516845703125,-0.56842041015625,-0.62713623046875,4.055
577,159,-4610,15048,5349,-2875,-12507,-9895,884,-2339,0,0.1204833984375,0.51422119140625,-0.56463623046875,-0.634033203125,4.055
578,159,-5514,15665,6392,-4081,-12916,-11222,884,-2260,-117,0.11309814453125,0.51177978515625,-0.559814453125,-0.64154052734375,4.055
579,159,-5739,16903,6684,-5276,-14259,-13266,884,-2260,-117,0.1048583984375,0.50933837890625,-0.553955078125,-0.64996337890625,4.055
580,159,429,21662,-3274,-7005,-13925,-15200,1002,-2260,-275,0.09716796875,0.50750732421875,-0.5477294921875,-0.65777587890625,4.055
581,159,7146,25810,-10285,-6385,-11360,-16376,1002,-2260,-275,0.08953857421875,0.50750732421875,-0.5413818359375,-0.6640625,4.055
582,159,12010,28031,-8415,-3949,-4787,-17864,1120,-2221,-275,0.082763671875,0.51080322265625,-0.5350341796875,-0.66754150390625,4.055
583,159,8868,30694,-3817,-1589,3642,-19488,1120,-2221,-275,0.07745361328125,0.51812744140625,-0.52862548828125,-0.66766357421875,4.055
584,159,6417,29972,-7359,-983,7368,-20785,1120,-2064,-275,0.07269287109375,0.527587890625,-0.5218505859375,-0.6661376953125,4.055
585,159,4126,29597,-7472,1049,6313,-20847,1120,-2064,-275,0.0667724609375,0.53668212890625,-0.515869140625,-0.66412353515625,4.055
586,159,4971,32126,-6962,2343,6315,-20688,1238,-2064,-393,0.060546875,0.545654296875,-0.5103759765625,-0.66162109375,4.055
587,159,8159,32767,-5505,2792,6725,-19978,1238,-2064,-393,0.05462646484375,0.554443359375,-0.50518798828125,-0.6588134765625,4.055
588,159,10385,32767,-5903,2365,8795,-18573,1435,-1985,-196,0.050048828125,0.5635986328125,-0.5001220703125,-0.6552734375,4.055
589,159,10035,29906,-2872,2449,7566,-17234,1435,-1985,-196,0.04559326171875,0.5716552734375,-0.4954833984375,-0.652099609375,4.055
590,159,2442,25969,3513,245,10052,-16201,1513,-1946,-235,0.0430908203125,0.58013916015625,-0.48980712890625,-0.6490478515625,4.055
591,159,-7634,22203,8447,-3359,10477,-15659,1513,-1946,-235,0.04193115234375,0.58843994140625,-0.4822998046875,-0.64739990234375,4.055
592,159,-16035,22970,-3925,-5346,13070,-16949,1513,-1907,-157,0.04193115234375,0.598388671875,-0.4737548828125,-0.64459228515625,4.055
593,159,-22485,25540,-12318,-4553,11277,-12634,1513,-1907,-157,0.04217529296875,0.60699462890625,-0.4671630859375,-0.64129638671875,4.055
594,159,-12940,20772,-15846,-1561,1189,-12026,1631,-1828,-117,0.03857421875,0.61138916015625,-0.46246337890625,-0.6407470703125,4.055
595,159,-3677,16866,-2415,1628,-4474,-8584,1631,-1828,-117,0.03448486328125,0.61138916015625,-0.46075439453125,-0.6422119140625,4.055
596,159,-3657,15787,-2176,2397,-5889,-4343,1671,-1671,-196,0.03143310546875,0.60955810546875,-0.4610595703125,-0.64385986328125,4.055
597,159,-2314,12546,-1959,2859,-9586,-920,1671,-1671,-196,0.028564453125,0.60516357421875,-0.4630126953125,-0.646728515625,4.055
598,159,688,10669,1198,3509,-14558,2170,1671,-1710,-196,0.02490234375,0.59765625,-0.46612548828125,-0.651611328125,4.055
599,159,2459,10005,4130,2992,-18377,5219,1671,-1710,-196,0.02130126953125,0.58758544921875,-0.47003173828125,-0.6580810546875,4.055
600,159,4881,9207,6900,2620,-20246,8085,1710,-1749,-235,0.018310546875,0.57586669921875,-0.474609375,-0.665283203125,4.055
601,159,7089,7116,8671,1593,-19605,11696,1710,-1749,-235,0.01727294921875,0.56317138671875,-0.47991943359375,-0.67230224609375,4.055
602,159,5836,5112,9455,955,-20123,14826,1631,-1828,-314,0.017578125,0.5491943359375,-0.48583984375,-0.6795654296875,4.055
603,159,4355,4058,7346,-460,-17345,16835,1631,-1828,-314,0.02008056640625,0.53558349609375,-0.49169921875,-0.6861572265625,4.055
604,159,5499,3727,8084,-502,-13708,18321,1553,-1867,-393,0.02447509765625,0.52301025390625,-0.49786376953125,-0.69122314453125,4.055
605,159,5809,4136,4707,-1164,-10459,20542,1553,-1867,-393,0.03125,0.510986328125,-0.5045166015625,-0.69512939453125,4.055
606,159,5867,3788,1879,-66,-6966,22985,1356,-1828,-471,0.04010009765625,0.4996337890625,-0.51251220703125,-0.69708251953125,4.055
607,159,4212,4846,3119,2627,-4776,26037,1356,-1828,-471,0.0501708984375,0.488037109375,-0.5223388671875,-0.69732666015625,4.055
608,159,582,7222,4799,3458,-4115,29064,1199,-1867,-511,0.06146240234375,0.4754638671875,-0.532958984375,-0.697021484375,4.055
609,159,-1611,9544,5645,2416,-5083,31571,1199,-1867,-511,0.07379150390625,0.46136474609375,-0.5435791015625,-0.6971435546875,4.055
610,159,-371,9772,4555,2008,-7033,32593,1081,-1985,-471,0.08624267578125,0.44573974609375,-0.55426025390625,-0.69744873046875,4.055
611,159,1958,10309,6274,2705,-8040,32593,1081,-1985,-471,0.0980224609375,0.4295654296875,-0.56500244140625,-0.69744873046875,4.055
612,159,2379,11990,6145,2623,-7374,32593,845,-2025,-511,0.110107421875,0.41339111328125,-0.575439453125,-0.69683837890625,4.055
613,159,2666,13086,4701,2655,-6511,32593,845,-2025,-511,0.1226806640625,0.3973388671875,-0.585693359375,-0.695556640625,4.055
614,159,2535,15407,4546,3474,-5832,32593,648,-2064,-550,0.13525390625,0.38140869140625,-0.59588623046875,-0.69342041015625,4.055
615,159,1316,18109,5522,3800,-4934,32593,648,-2064,-550,0.1480712890625,0.36578369140625,-0.60565185546875,-0.6907958984375,4.055
616,159,-1816,20966,6736,4060,-4339,32593,412,-2182,-589,0.1607666015625,0.350341796875,-0.6148681640625,-0.68780517578125,4.055
617,159,-4361,23333,5957,3185,-3991,32593,412,-2182,-589,0.17352294921875,0.3350830078125,-0.6229248046875,-0.68505859375,4.055
618,159,-5688,25907,5299,2614,-3960,32593,137,-2103,-629,0.1861572265625,0.31988525390625,-0.6302490234375,-0.68231201171875,4.055
619,159,-8763,29183,3779,2878,-5020,32593,137,-2103,-629,0.197509765625,0.30499267578125,-0.6375732421875,-0.6790771484375,4.055
620,159,-7762,31860,4484,2287,-4790,32593,-58,-2260,-629,0.2091064453125,0.289794921875,-0.6444091796875,-0.67584228515625,4.055
621,159,-8821,32711,1055,1050,-2155,32593,-58,-2260,-629,0.2215576171875,0.276123046875,-0.6505126953125,-0.6717529296875,4.055
622,159,-10205,32664,-2456,1398,2330,32593,-334,-2182,-589,0.23553466796875,0.26446533203125,-0.65631103515625,-0.66595458984375,4.055
623,159,-13503,32612,-3964,2630,5604,32593,-334,-2182,-589,0.2503662109375,0.25445556640625,-0.661865234375,-0.65887451171875,4.055
624,159,-17104,32570,-3974,3702,9812,32593,-570,-2103,-550,0.2666015625,0.24639892578125,-0.66693115234375,-0.65045166015625,4.055
625,159,-23226,32514,-2329,4251,12410,32593,-570,-2103,-550,0.28363037109375,0.239501953125,-0.67120361328125,-0.64129638671875,4.055
626,159,-29440,32442,-2274,3704,14486,32593,-688,-2103,-511,0.30145263671875,0.2332763671875,-0.67462158203125,-0.6318359375,4.055
627,159,-32564,32400,-2886,2274,13262,32593,-688,-2103,-511,0.31890869140625,0.22613525390625,-0.67730712890625,-0.62286376953125,4.055
628,159,-32033,31242,-5080,1557,11545,32384,-884,-2064,-511,0.33538818359375,0.21820068359375,-0.679931640625,-0.61419677734375,4.055
629,159,-31305,28068,-6922,2143,9572,26803,-884,-2064,-511,0.34857177734375,0.21197509765625,-0.68218994140625,-0.6064453125,4.055
630,159,-32768,28161,-8580,2487,13622,22306,-1002,-2103,-511,0.36163330078125,0.20928955078125,-0.6829833984375,-0.59881591796875,4.055
631,159,-32768,22310,-12974,704,5037,16288,-1002,-2103,-511,0.3687744140625,0.20550537109375,-0.68426513671875,-0.59429931640625,4.055
632,159,-32768,21865,-1084,2808,5826,10047,-1159,-2064,-511,0.37371826171875,0.20513916015625,-0.68499755859375,-0.59051513671875,4.055
633,159,-32768,16350,-11558,325,4975,4024,-1159,-2064,-511,0.37615966796875,0.20660400390625,-0.68450927734375,-0.58905029296875,4.055
634,159,-32768,11502,-9150,2105,4871,-4487,-1159,-1985,-589,0.3751220703125,0.212158203125,-0.6834716796875,-0.58892822265625,4.055
635,159,-28459,15770,-9447,3464,9244,-11440,-1159,-1985,-589,0.373046875,0.22283935546875,-0.68096923828125,-0.5892333984375,4.055
636,159,-22134,18650,-8569,3074,10505,-16554,-1159,-2103,-589,0.36956787109375,0.236083984375,-0.67718505859375,-0.590576171875,4.055
637,159,12082,20542,-10226,4590,7747,-20151,-1159,-2103,-589,0.3646240234375,0.2486572265625,-0.6748046875,-0.59124755859375,4.055
638,159,32668,21710,2803,4939,-5108,-15679,-1159,-2143,-550,0.3568115234375,0.25341796875,-0.6756591796875,-0.59295654296875,4.055
639,159,32677,12946,-6734,1445,-1965,-7737,-1159,-2143,-550,0.35369873046875,0.2552490234375,-0.6761474609375,-0.593505859375,4.055
640,159,21248,8096,4251,2016,917,3303,-963,-2221,-629,0.356201171875,0.25347900390625,-0.6773681640625,-0.59136962890625,4.055
641,159,-21690,18239,6230,4427,-1403,-1339,-963,-2221,-629,0.353515625,0.2554931640625,-0.678466796875,-0.5908203125,4.055
642,159,-31584,25010,14602,3067,-3809,-10036,-963,-2260,-589,0.34686279296875,0.25982666015625,-0.6781005859375,-0.59332275390625,4.055
643,159,-11547,32739,7837,654,-7988,-17094,-963,-2260,-589,0.33599853515625,0.26519775390625,-0.67620849609375,-0.59930419921875,4.055
644,159,8219,31026,-2447,-525,-1145,-18700,-1002,-2300,-432,0.3287353515625,0.2723388671875,-0.67340087890625,-0.6033935546875,4.055
645,159,9853,30777,-6152,3081,2991,-14314,-1002,-2300,-432,0.32415771484375,0.27996826171875,-0.67205810546875,-0.6038818359375,4.055
646,159,-2575,25351,2994,6626,11083,-13550,-884,-2339,-471,0.32196044921875,0.29193115234375,-0.6688232421875,-0.6029052734375,4.055
647,159,-9224,21076,-3991,3692,16429,-12724,-884,-2339,-471,0.3221435546875,0.3055419921875,-0.664306640625,-0.60101318359375,4.055
648,159,-9836,17054,-2052,7619,13177,-12607,-766,-2378,-432,0.32012939453125,0.31878662109375,-0.66162109375,-0.59820556640625,4.055
649,159,-2978,18218,5447,6402,10547,-12157,-766,-2378,-432,0.31854248046875,0.32928466796875,-0.65814208984375,-0.59716796875,4.055
650,159,-2148,17376,-2331,4528,9005,-8926,-727,-2418,-471,0.3173828125,0.33795166015625,-0.65618896484375,-0.59515380859375,4.055
651,159,-2719,16454,-6004,4238,6009,-7309,-727,-2418,-471,0.3155517578125,0.3447265625,-0.6553955078125,-0.5931396484375,4.055
652,159,-3851,14555,-7534,4610,2117,-6308,-648,-2457,-471,0.312255859375,0.34979248046875,-0.65582275390625,-0.59149169921875,4.055
653,159,-2975,14957,-2595,5225,-3855,-4961,-648,-2457,-471,0.30682373046875,0.35198974609375,-0.657470703125,-0.59112548828125,4.055
654,159,-2248,14639,-1096,3412,-6615,-4003,-609,-2536,-393,0.30120849609375,0.3521728515625,-0.65887451171875,-0.59234619140625,4.055
655,159,-85,14366,-1797,3206,-8095,-4063,-609,-2536,-393,0.2955322265625,0.351318359375,-0.66094970703125,-0.59344482421875,4.055
656,159,2248,16531,-1157,3969,-8990,-3365,-491,-2575,-353,0.290283203125,0.349365234375,-0.66357421875,-0.59423828125,4.055
657,159,4068,18197,577,4359,-8546,-2799,-491,-2575,-353,0.28582763671875,0.346923828125,-0.6661376953125,-0.59490966796875,4.055
658,159,4644,17937,664,3856,-6492,-2184,-609,-2496,-353,0.28265380859375,0.3448486328125,-0.6683349609375,-0.59515380859375,4.055
659,159,4854,16201,-769,4056,-4542,-1960,-609,-2496,-353,0.2802734375,0.34356689453125,-0.67059326171875,-0.594482421875,4.055
660,159,6805,15273,17,4587,-1104,-1724,-609,-2496,-353,0.27947998046875,0.343505859375,-0.6724853515625,-0.5927734375,4.055
661,159,5608,15468,-290,4938,2441,-1513,-609,-2496,-353,0.28021240234375,0.3448486328125,-0.673828125,-0.590087890625,4.055
662,159,2522,16855,-510,4804,4550,-1659,-570,-2496,-235,0.281494140625,0.34722900390625,-0.67449951171875,-0.58740234375,4.055
663,159,584,17370,-2479,3802,4149,-1488,-570,-2496,-235,0.28216552734375,0.349853515625,-0.675048828125,-0.58489990234375,4.055
664,159,473,16412,-4616,3324,1859,-1166,-491,-2575,-275,0.28179931640625,0.3516845703125,-0.67608642578125,-0.582763671875,4.055
665,159,621,15716,-5452,2846,-686,-878,-491,-2575,-275,0.28045654296875,0.35235595703125,-0.6776123046875,-0.58123779296875,4.055
666,159,1380,15202,-5377,2357,-2896,-741,-491,-2496,-196,0.2784423828125,0.3519287109375,-0.679443359375,-0.580322265625,4.055
667,159,2605,14890,-4850,1971,-4437,-571,-491,-2496,-196,0.27618408203125,0.3505859375,-0.681396484375,-0.57989501953125,4.055
668,159,3774,14980,-3833,1906,-4997,-812,-452,-2575,-196,0.27392578125,0.348876953125,-0.68341064453125,-0.57965087890625,4.055
669,159,4506,15661,-1836,1973,-4772,-1243,-452,-2575,-196,0.2720947265625,0.34698486328125,-0.6849365234375,-0.57977294921875,4.055
670,159,4177,16151,-1052,1775,-4311,-1910,-491,-2614,-196,0.2703857421875,0.345458984375,-0.68603515625,-0.5802001953125,4.055
671,159,4419,15935,-1415,1663,-4149,-2798,-491,-2614,-196,0.26837158203125,0.34442138671875,-0.68695068359375,-0.5806884765625,4.055
672,159,6532,15716,-1873,1463,-4273,-4094,-452,-2614,-117,0.26593017578125,0.34381103515625,-0.68768310546875,-0.58123779296875,4.055
673,159,9657,15009,-2363,1321,-2594,-4760,-452,-2614,-117,0.26397705078125,0.3441162109375,-0.6881103515625,-0.58148193359375,4.055
674,159,7213,14029,-5215,1074,-1413,-5163,-491,-2575,-117,0.2620849609375,0.3453369140625,-0.6883544921875,-0.581298828125,4.055
675,159,3997,14933,-3592,1646,-524,-5827,-491,-2575,-117,0.2601318359375,0.34735107421875,-0.68829345703125,-0.58111572265625,4.055
676,159,2527,16251,-3801,965,-282,-6339,-452,-2496,-117,0.25799560546875,0.3497314453125,-0.687744140625,-0.581298828125,4.055
677,159,1642,16365,-3387,532,-989,-6477,-452,-2496,-117,0.25555419921875,0.35186767578125,-0.68695068359375,-0.58203125,4.055
678,159,590,16841,-3264,204,-2371,-6523,-412,-2575,-157,0.25238037109375,0.35357666015625,-0.68609619140625,-0.5833740234375,4.055
679,159,169,17219,-1889,-628,-3692,-6630,-412,-2575,-157,0.24896240234375,0.35455322265625,-0.684814453125,-0.58575439453125,4.055
680,159,592,17174,-1264,-1401,-4243,-6782,-373,-2614,-78,0.24566650390625,0.35498046875,-0.6832275390625,-0.5887451171875,4.055
681,159,1052,17056,-2506,-1807,-4368,-6769,-373,-2614,-78,0.24224853515625,0.35540771484375,-0.681884765625,-0.59149169921875,4.055
682,159,1123,16647,-1887,-1887,-4932,-7049,-373,-2654,-157,0.2386474609375,0.35565185546875,-0.68035888671875,-0.594482421875,4.055
683,159,1067,16613,-1619,-2145,-4369,-7148,-373,-2654,-157,0.23541259765625,0.35595703125,-0.6785888671875,-0.59759521484375,4.055
684,159,2079,16174,-2064,-2466,-3795,-7474,-255,-2536,-117,0.232421875,0.3565673828125,-0.6767578125,-0.6004638671875,4.055
685,159,2970,15834,-2863,-2301,-2724,-7350,-255,-2536,-117,0.2298583984375,0.35760498046875,-0.675048828125,-0.602783203125,4.055
686,159,2437,15933,-3611,-1915,-2306,-7069,-216,-2614,-157,0.22735595703125,0.35894775390625,-0.67352294921875,-0.60467529296875,4.055
687,159,748,15930,-3087,-1282,-1623,-6640,-216,-2614,-157,0.2249755859375,0.36053466796875,-0.67205810546875,-0.606201171875,4.055
688,159,-1046,16049,-2178,-858,-1588,-6378,-255,-2536,-157,0.22235107421875,0.3621826171875,-0.67059326171875,-0.60784912109375,4.055
689,159,-1557,16265,-1887,-750,-1863,-6211,-255,-2536,-157,0.2196044921875,0.36370849609375,-0.66912841796875,-0.60955810546875,4.055
690,159,-1695,16654,-2346,-617,-2211,-6006,-137,-2614,-196,0.21673583984375,0.3651123046875,-0.66778564453125,-0.6112060546875,4.055
691,159,-1119,16855,-2107,-160,-2503,-5748,-137,-2614,-196,0.2138671875,0.3662109375,-0.666748046875,-0.6126708984375,4.055
692,159,-1240,16780,-1895,323,-2679,-5361,-137,-2614,-275,0.2110595703125,0.3670654296875,-0.66595458984375,-0.614013671875,4.055
693,159,-1839,16380,-1547,642,-2956,-5219,-137,-2614,-275,0.2080078125,0.3677978515625,-0.665283203125,-0.6153564453125,4.055
694,159,-1525,16124,-2026,765,-3063,-5107,-98,-2614,-117,0.20489501953125,0.3685302734375,-0.66485595703125,-0.61639404296875,4.055
695,159,-454,16149,-2045,894,-2916,-5038,-98,-2614,-117,0.2021484375,0.3690185546875,-0.66461181640625,-0.61724853515625,4.055
696,159,-203,16512,-2385,861,-2371,-4920,19,-2575,-196,0.19976806640625,0.3697509765625,-0.664306640625,-0.617919921875,4.055
697,159,-1012,16703,-2688,839,-2220,-4822,19,-2575,-196,0.19720458984375,0.37060546875,-0.66400146484375,-0.6185302734375,4.055
698,159,-1700,16883,-2213,1054,-2589,-4783,-19,-2614,-117,0.1944580078125,0.371337890625,-0.66375732421875,-0.61932373046875,4.055
699,159,-1599,17108,-2192,771,-2923,-4833,-19,-2614,-117,0.191650390625,0.37188720703125,-0.66339111328125,-0.6202392578125,4.055
700,159,-1065,16648,-2548,598,-3218,-4972,58,-2614,-157,0.18878173828125,0.372314453125,-0.66302490234375,-0.6212158203125,4.055
701,159,-487,16783,-2507,616,-3111,-5243,58,-2614,-157,0.18597412109375,0.372802734375,-0.66265869140625,-0.62213134765625,4.055
702,159,-454,17220,-1926,328,-2801,-5488,-58,-2732,-196,0.18341064453125,0.373291015625,-0.66204833984375,-0.62322998046875,4.055
703,159,-773,17198,-2563,13,-2372,-5826,-58,-2732,-196,0.1807861328125,0.374267578125,-0.6612548828125,-0.624267578125,4.055
704,159,-235,16952,-3069,-263,-2621,-6370,58,-2654,-157,0.17791748046875,0.37530517578125,-0.66033935546875,-0.62542724609375,4.055
705,159,-89,16274,-3220,-211,-2980,-6741,58,-2654,-157,0.17474365234375,0.37640380859375,-0.659423828125,-0.62664794921875,4.055
706,159,-346,15969,-2658,-123,-3366,-7187,58,-2654,-78,0.1712646484375,0.37750244140625,-0.658447265625,-0.62799072265625,4.055
707,159,-644,16546,-1043,-112,-2970,-7776,58,-2654,-78,0.16796875,0.37860107421875,-0.656982421875,-0.62969970703125,4.055
708,159,-1029,17648,-168,-548,-1607,-8498,58,-2614,-196,0.16510009765625,0.38043212890625,-0.65478515625,-0.63165283203125,4.055
709,159,-861,18252,-226,-907,-434,-9099,58,-2614,-196,0.16265869140625,0.3829345703125,-0.6522216796875,-0.6334228515625,4.055
710,159,-1969,18583,-603,-1010,130,-9418,176,-2575,-157,0.16009521484375,0.38592529296875,-0.6494140625,-0.6351318359375,4.055
711,159,-2216,18937,-901,-1195,597,-9989,176,-2575,-157,0.15753173828125,0.38934326171875,-0.64642333984375,-0.63671875,4.055
712,159,-2162,18912,-1519,-1442,244,-10314,294,-2693,-117,0.1546630859375,0.392822265625,-0.6434326171875,-0.63836669921875,4.055
713,159,-2574,19183,-1914,-1581,-120,-10746,294,-2693,-117,0.15142822265625,0.39642333984375,-0.6402587890625,-0.64007568359375,4.055
714,159,-2063,19605,-1847,-1945,-609,-11426,255,-2614,-196,0.14794921875,0.39990234375,-0.63690185546875,-0.64208984375,4.055
715,159,-755,20019,-3213,-2393,-1341,-11801,255,-2614,-196,0.14410400390625,0.4031982421875,-0.633544921875,-0.64422607421875,4.055
716,159,-577,19632,-3037,-2244,-1870,-12178,373,-2614,-157,0.139892578125,0.40643310546875,-0.63018798828125,-0.6463623046875,4.055
717,159,-725,20125,-1694,-2061,-1890,-12716,373,-2614,-157,0.13555908203125,0.40966796875,-0.6265869140625,-0.64874267578125,4.055
718,159,-1569,20813,-1336,-2504,-2362,-13107,452,-2575,-235,0.1309814453125,0.41278076171875,-0.62261962890625,-0.6514892578125,4.055
719,159,-2200,20978,-328,-2546,-2480,-13639,452,-2575,-235,0.126220703125,0.4158935546875,-0.618408203125,-0.65447998046875,4.055
720,159,-1920,21737,160,-2823,-2985,-14138,530,-2614,-196,0.12109375,0.41888427734375,-0.6138916015625,-0.65777587890625,4.055
721,159,-1734,21991,1103,-3082,-4134,-14629,530,-2614,-196,0.11541748046875,0.42144775390625,-0.609130859375,-0.66156005859375,4.055
722,159,-1152,22381,2069,-3446,-4301,-15356,609,-2575,-235,0.10943603515625,0.42413330078125,-0.60400390625,-0.66558837890625,4.055
723,159,338,22569,2327,-3706,-4389,-16098,609,-2575,-235,0.1031494140625,0.42706298828125,-0.59857177734375,-0.66961669921875,4.055
724,159,435,23262,2488,-4040,-5408,-16607,688,-2496,-275,0.0963134765625,0.42962646484375,-0.59283447265625,-0.674072265625,4.055
725,159,626,23844,3457,-4347,-6150,-17195,688,-2496,-275,0.08892822265625,0.4320068359375,-0.58685302734375,-0.67877197265625,4.055
726,159,1836,23788,3679,-4413,-7342,-17798,766,-2536,-353,0.08087158203125,0.43408203125,-0.58062744140625,-0.68377685546875,4.055
727,159,3449,24201,6262,-4514,-9017,-18216,766,-2536,-353,0.0718994140625,0.43548583984375,-0.57421875,-0.6893310546875,4.055
728,159,4988,24922,6745,-5857,-7461,-19508,884,-2418,-353,0.063232421875,0.43798828125,-0.56671142578125,-0.69482421875,4.055
729,159,4999,24544,-1640,-6253,-3477,-20978,884,-2418,-353,0.05560302734375,0.44281005859375,-0.55889892578125,-0.69866943359375,4.055
730,159,3230,23772,-5791,-4429,-390,-22267,884,-2418,-432,0.04791259765625,0.44976806640625,-0.551513671875,-0.70068359375,4.055
731,159,1954,26135,-4589,-2726,4988,-23501,884,-2418,-432,0.041015625,0.45953369140625,-0.54425048828125,-0.70050048828125,4.055
732,159,2881,26803,-5269,-2541,9229,-23893,1081,-2378,-432,0.03546142578125,0.47119140625,-0.53668212890625,-0.69879150390625,4.055
733,159,3743,25617,-6837,-2056,11131,-23324,1081,-2378,-432,0.0306396484375,0.4835205078125,-0.5294189453125,-0.6961669921875,4.055
734,159,3368,23589,-5405,-1407,11617,-22221,1238,-2378,-471,0.02630615234375,0.49560546875,-0.52264404296875,-0.6929931640625,4.055
735,159,2882,22225,-6476,-1199,12329,-20798,1238,-2378,-471,0.0228271484375,0.5074462890625,-0.51629638671875,-0.68927001953125,4.055
736,159,3770,19728,-6037,-790,9561,-19376,1277,-2221,-471,0.0189208984375,0.51751708984375,-0.510498046875,-0.68621826171875,4.055
737,159,4259,17849,-5117,-339,7786,-17230,1277,-2221,-471,0.0152587890625,0.5260009765625,-0.50555419921875,-0.68353271484375,4.055
738,159,4678,16818,-3056,387,5131,-14962,1474,-2182,-393,0.011474609375,0.53240966796875,-0.50152587890625,-0.68157958984375,4.055
739,159,2429,15824,2196,-867,3448,-12717,1474,-2182,-393,0.00848388671875,0.53704833984375,-0.49737548828125,-0.6810302734375,4.055
740,159,1113,14823,3598,-4037,3237,-11115,1553,-2182,-432,0.00714111328125,0.54107666015625,-0.4921875,-0.681640625,4.055
741,159,1002,11659,328,-5467,2138,-9562,1553,-2182,-432,0.0068359375,0.54412841796875,-0.48724365234375,-0.68280029296875,4.055
742,159,-2198,8039,608,-6144,1733,-7844,1631,-2143,-432,0.00738525390625,0.5462646484375,-0.482421875,-0.68450927734375,4.055
743,159,-10017,7766,-1929,-6062,3987,-7078,1631,-2143,-432,0.00726318359375,0.5506591796875,-0.47723388671875,-0.6846923828125,4.055
744,159,-11860,10894,-6100,-7017,1492,-5397,1710,-2103,-432,0.00787353515625,0.553466796875,-0.47259521484375,-0.68560791015625,4.055
745,159,-8294,10092,-9288,-7401,-3094,-2714,1710,-2103,-432,0.008544921875,0.55340576171875,-0.468994140625,-0.68804931640625,4.055
746,159,-3654,8114,-10218,-6244,-4164,-767,1710,-2025,-511,0.00958251953125,0.55230712890625,-0.466796875,-0.6904296875,4.055
747,159,315,7493,-9785,-4329,-3854,1975,1710,-2025,-511,0.011474609375,0.55035400390625,-0.46661376953125,-0.69207763671875,4.055
748,159,2693,6553,-9867,-3493,-3564,5305,1592,-2143,-471,0.01470947265625,0.5474853515625,-0.46807861328125,-0.69329833984375,4.054
749,159,3471,6325,-8334,-2346,-3203,7855,1592,-2143,-471,0.0189208984375,0.5438232421875,-0.47100830078125,-0.694091796875,4.054
750,159,3790,6322,-5444,-1903,-1449,10473,1513,-2064,-589,0.02490234375,0.53985595703125,-0.47503662109375,-0.69427490234375,4.054
751,159,3314,5518,-2730,-2680,1742,13364,1513,-2064,-589,0.0335693359375,0.53607177734375,-0.47955322265625,-0.6937255859375,4.054
752,159,2411,5742,-4247,-3329,4936,15640,1513,-2143,-629,0.0443115234375,0.533203125,-0.48455810546875,-0.69189453125,4.054
753,159,1306,6336,-3328,-2970,5947,17566,1513,-2143,-629,0.05615234375,0.530029296875,-0.490234375,-0.689453125,4.054
754,159,-242,8454,-657,-3211,5088,18880,1356,-2103,-629,0.068603515625,0.52532958984375,-0.4959716796875,-0.6878662109375,4.054
755,159,-474,8889,563,-5734,5668,20935,1356,-2103,-629,0.08294677734375,0.519775390625,-0.50091552734375,-0.6868896484375,4.054
756,159,-3402,9288,-2815,-7076,3971,23995,1238,-2221,-629,0.0980224609375,0.51324462890625,-0.50640869140625,-0.685791015625,4.054
757,159,-7180,9812,-1871,-6943,-2272,24946,1238,-2221,-629,0.11053466796875,0.50396728515625,-0.5118408203125,-0.68670654296875,4.054
758,159,-5578,10206,6,-6724,-4105,25410,1159,-2300,-707,0.12335205078125,0.49267578125,-0.5174560546875,-0.68853759765625,4.054
759,159,-2729,11975,-3252,-6779,-2830,26447,1159,-2300,-707,0.13702392578125,0.4818115234375,-0.52386474609375,-0.68878173828125,4.054
760,159,-1821,12788,-1918,-6496,-3445,27906,963,-2378,-747,0.15130615234375,0.46966552734375,-0.53076171875,-0.68890380859375,4.054
761,159,-3932,13827,-4455,-7185,-1687,30132,963,-2378,-747,0.1666259765625,0.45794677734375,-0.5374755859375,-0.68804931640625,4.054
762,159,-5056,14718,-8282,-6062,-2749,31094,727,-2457,-865,0.18121337890625,0.4456787109375,-0.5447998046875,-0.68658447265625,4.054
763,159,-5111,15672,-8225,-3426,-5131,31170,727,-2457,-865,0.194091796875,0.43243408203125,-0.55340576171875,-0.68463134765625,4.054
764,159,-3897,17526,-6122,-1617,-4366,32129,452,-2536,-943,0.207275390625,0.41900634765625,-0.56280517578125,-0.68145751953125,4.054
765,159,-4519,18711,-7215,-756,-3059,32593,452,-2536,-943,0.2205810546875,0.40606689453125,-0.57220458984375,-0.67730712890625,4.054
766,159,-4374,19376,-7078,946,-2367,32593,255,-2457,-904,0.23358154296875,0.3934326171875,-0.58203125,-0.6719970703125,4.054
767,159,-3199,20229,-6086,2827,-103,32593,255,-2457,-904,0.24688720703125,0.3818359375,-0.592041015625,-0.6651611328125,4.054
768,159,-3324,21462,-4685,3848,2657,32593,-58,-2457,-904,0.26080322265625,0.371337890625,-0.60174560546875,-0.6571044921875,4.054
769,159,-4457,22160,-5530,4207,4463,32593,-58,-2457,-904,0.27496337890625,0.3616943359375,-0.61083984375,-0.648193359375,4.054
770,159,-5515,22889,-6078,5310,3994,32593,-255,-2339,-904,0.28839111328125,0.35198974609375,-0.62017822265625,-0.63873291015625,4.054
771,159,-6677,23856,-5894,6291,2502,32593,-255,-2339,-904,0.30059814453125,0.3419189453125,-0.6297607421875,-0.629150390625,4.054
772,159,-7902,23954,-4453,6783,-1154,32593,-412,-2378,-904,0.3109130859375,0.33038330078125,-0.6397705078125,-0.6201171875,4.054
773,159,-8095,24411,-4422,7487,-3280,32593,-412,-2378,-904,0.3199462890625,0.31805419921875,-0.65008544921875,-0.61114501953125,4.054
774,159,-7524,25246,-3806,8589,-5128,32593,-609,-2221,-786,0.32781982421875,0.3050537109375,-0.66094970703125,-0.6019287109375,4.054
775,159,-7398,26892,-2422,9483,-6466,32593,-609,-2221,-786,0.334716796875,0.2916259765625,-0.67181396484375,-0.59259033203125,4.054
776,159,-8078,27561,-1290,9992,-7839,32593,-806,-2182,-786,0.34075927734375,0.27764892578125,-0.6827392578125,-0.583251953125,4.054
777,159,-9030,28791,827,9641,-9598,32593,-806,-2182,-786,0.34600830078125,0.26275634765625,-0.693359375,-0.57440185546875,4.054
778,159,-9687,29779,3756,8857,-11918,32593,-963,-2025,-747,0.35040283203125,0.24658203125,-0.70379638671875,-0.56622314453125,4.054
779,159,-10755,30230,6053,8219,-12256,31567,-963,-2025,-747,0.3543701171875,0.23040771484375,-0.7135009765625,-0.55841064453125,4.054
780,159,-9361,31059,5841,7308,-11602,30505,-1159,-1985,-707,0.35821533203125,0.214599609375,-0.72222900390625,-0.5509033203125,4.054
781,159,-8818,29494,4251,7845,-6378,27992,-1159,-1985,-707,0.36334228515625,0.2020263671875,-0.72943115234375,-0.5428466796875,4.054
782,159,-10923,27927,4476,6791,-3052,26022,-1356,-1946,-629,0.369384765625,0.191162109375,-0.73504638671875,-0.5350341796875,4.054
783,159,-12170,25740,-1854,5420,430,23485,-1356,-1946,-629,0.37591552734375,0.1826171875,-0.73919677734375,-0.5277099609375,4.054
784,159,-17785,23628,-1241,5501,-1254,21719,-1356,-1828,-550,0.3809814453125,0.17425537109375,-0.7435302734375,-0.52081298828125,4.054
785,159,-23167,21951,781,3845,-4933,18101,-1356,-1828,-550,0.38330078125,0.1658935546875,-0.74761962890625,-0.51593017578125,4.054
786,159,-26419,19918,4488,3025,-9097,13415,-1435,-1749,-471,0.38232421875,0.15802001953125,-0.75189208984375,-0.51300048828125,4.054
787,159,-25108,19160,5097,1603,-8350,7341,-1435,-1749,-471,0.37982177734375,0.1529541015625,-0.75482177734375,-0.51214599609375,4.054
788,159,-21007,17238,3146,474,-6109,1505,-1592,-1710,-589,0.37646484375,0.1512451171875,-0.7562255859375,-0.51300048828125,4.054
789,159,-18994,16006,-1044,195,-2534,-3542,-1592,-1710,-589,0.373046875,0.1531982421875,-0.75634765625,-0.51483154296875,4.054
790,159,-17383,16151,-3880,1108,-732,-7905,-1435,-1710,-471,0.36883544921875,0.158203125,-0.75592041015625,-0.51690673828125,4.054
791,159,-14152,18892,-3863,2080,1750,-11611,-1435,-1710,-471,0.3643798828125,0.16607666015625,-0.75482177734375,-0.51922607421875,4.054
792,159,4720,19971,-5492,4090,3531,-14569,-1474,-1710,-432,0.36016845703125,0.17584228515625,-0.75384521484375,-0.5203857421875,4.054
793,159,25001,21323,9697,4660,345,-11622,-1474,-1710,-432,0.35711669921875,0.18182373046875,-0.75341796875,-0.52099609375,4.054
794,159,32620,18163,-5905,746,6649,-9292,-1435,-1828,-432,0.3583984375,0.1876220703125,-0.7513427734375,-0.52117919921875,4.054
795,159,32753,9480,-3732,3667,4700,-3155,-1435,-1828,-432,0.3603515625,0.1904296875,-0.7513427734375,-0.51873779296875,4.054
796,159,1850,13375,5002,7650,7606,-224,-1356,-1828,-511,0.36328125,0.19500732421875,-0.75103759765625,-0.51531982421875,4.054
797,159,-14018,18572,11193,3270,9785,-4484,-1356,-1828,-511,0.36578369140625,0.2017822265625,-0.74859619140625,-0.51458740234375,4.054
798,159,-13477,17661,7305,568,5747,-8814,-1317,-1907,-511,0.36505126953125,0.208740234375,-0.74560546875,-0.51666259765625,4.054
799,159,6458,18218,7990,167,985,-10137,-1317,-1907,-511,0.36273193359375,0.21380615234375,-0.74310302734375,-0.51983642578125,4.054
800,159,20100,19067,-92,-646,2084,-8242,-1356,-1867,-550,0.36248779296875,0.2171630859375,-0.7410888671875,-0.52142333984375,4.054
801,159,22013,16892,560,1150,2871,-6309,-1356,-1867,-550,0.36297607421875,0.22027587890625,-0.7398681640625,-0.52154541015625,4.054
802,159,3973,20626,-1744,1856,11058,-6018,-1238,-1985,-432,0.36572265625,0.2276611328125,-0.73638916015625,-0.5213623046875,4.054
803,159,-7004,20566,-6323,1935,15687,-8336,-1238,-1985,-432,0.3687744140625,0.23846435546875,-0.73193359375,-0.52056884765625,4.054
804,159,-11113,18888,-15453,1418,17099,-9560,-1159,-1946,-589,0.37213134765625,0.2501220703125,-0.7271728515625,-0.51947021484375,4.054
805,159,-2422,18411,-12206,5930,13050,-13120,-1159,-1946,-589,0.371826171875,0.26287841796875,-0.72430419921875,-0.5174560546875,4.054
806,159,3110,25409,15545,6231,10798,-10824,-1081,-1985,-550,0.37261962890625,0.27288818359375,-0.72100830078125,-0.5162353515625,4.054
807,159,-8261,21435,-6635,-287,11451,-7041,-1081,-1985,-550,0.3743896484375,0.281005859375,-0.7166748046875,-0.5166015625,4.054
808,159,-8012,16302,-3626,2173,614,-9371,-963,-2064,-629,0.36993408203125,0.2872314453125,-0.71514892578125,-0.51849365234375,4.054
809,159,-183,16684,-1455,1992,-7482,-8580,-963,-2064,-629,0.36260986328125,0.28997802734375,-0.71527099609375,-0.52203369140625,4.054
810,159,3536,14544,-2283,1876,-10688,-7118,-924,-2064,-550,0.3551025390625,0.29010009765625,-0.716796875,-0.52508544921875,4.054
811,159,8563,14769,-1068,2248,-6879,-7704,-924,-2064,-550,0.35028076171875,0.29083251953125,-0.717529296875,-0.52685546875,4.054
812,159,12332,16127,445,2560,1521,-7832,-884,-2025,-550,0.34930419921875,0.29443359375,-0.7164306640625,-0.5269775390625,4.054
813,159,7553,15459,-1620,2534,6772,-7470,-884,-2025,-550,0.3507080078125,0.29986572265625,-0.7142333984375,-0.52606201171875,4.054
814,159,1664,16098,-4666,1704,7581,-6802,-924,-2143,-511,0.35113525390625,0.30633544921875,-0.71185302734375,-0.5252685546875,4.054
815,159,2120,16952,-6636,716,4762,-6194,-924,-2143,-511,0.35064697265625,0.31134033203125,-0.7100830078125,-0.52508544921875,4.054
816,159,1416,16044,-7760,-174,632,-5456,-766,-2182,-432,0.34857177734375,0.314453125,-0.70916748046875,-0.52587890625,4.054
817,159,916,15705,-4791,-469,-1877,-4890,-766,-2182,-432,0.3455810546875,0.31646728515625,-0.70843505859375,-0.52752685546875,4.054
818,159,1419,15970,-3433,-997,-2254,-4332,-766,-2064,-589,0.343017578125,0.31787109375,-0.70751953125,-0.5296630859375,4.054
819,159,2132,16081,-3163,-1307,-3280,-3877,-766,-2064,-589,0.34039306640625,0.31842041015625,-0.706787109375,-0.531982421875,4.054
820,159,2866,16396,-1863,-1016,-2970,-3594,-766,-2143,-589,0.33843994140625,0.3187255859375,-0.705810546875,-0.5343017578125,4.054
821,159,3416,16650,-2842,-836,-1063,-3348,-766,-2143,-589,0.33734130859375,0.319580078125,-0.70489501953125,-0.53570556640625,4.054
822,159,2748,15988,-1792,145,130,-3196,-727,-2182,-511,0.33673095703125,0.3209228515625,-0.7037353515625,-0.5367431640625,4.054
823,159,2276,16104,-3917,-40,605,-3146,-727,-2182,-511,0.3358154296875,0.32275390625,-0.7030029296875,-0.5372314453125,4.054
824,159,2442,15320,-3825,-111,-112,-3102,-688,-2143,-589,0.334716796875,0.32427978515625,-0.702392578125,-0.537841796875,4.054
825,159,2064,15425,-3591,-260,-729,-3127,-688,-2143,-589,0.33331298828125,0.32562255859375,-0.70172119140625,-0.53875732421875,4.054
826,159,2740,15544,-4188,-541,-1469,-2970,-648,-2143,-589,0.331787109375,0.32647705078125,-0.70135498046875,-0.5396728515625,4.054
827,159,2143,15280,-3459,-500,-2695,-2698,-648,-2143,-589,0.3297119140625,0.32684326171875,-0.70111083984375,-0.541015625,4.054
828,159,1362,15521,-2235,-358,-2478,-2700,-688,-2103,-511,0.3277587890625,0.32720947265625,-0.7005615234375,-0.54266357421875,4.054
829,159,1180,15003,-2305,-115,-2447,-2609,-688,-2103,-511,0.32574462890625,0.32763671875,-0.7001953125,-0.54412841796875,4.054
830,159,1486,15074,-1950,355,-1991,-2495,-727,-2182,-511,0.3240966796875,0.328125,-0.6998291015625,-0.5452880859375,4.054
831,159,1923,14688,-4181,934,-1287,-2142,-727,-2182,-511,0.322509765625,0.32891845703125,-0.70013427734375,-0.5452880859375,4.054
832,159,809,14832,-1277,2138,-1131,-1666,-688,-2143,-589,0.32110595703125,0.32977294921875,-0.7000732421875,-0.54571533203125,4.054
833,159,1258,15756,-3067,1508,-1115,-1914,-688,-2143,-589,0.31951904296875,0.33074951171875,-0.70025634765625,-0.54583740234375,4.054
834,159,4924,15756,-3413,1233,-2233,-2120,-648,-2143,-511,0.31829833984375,0.3306884765625,-0.700927734375,-0.54571533203125,4.054
835,159,5827,16238,-2865,1271,-2202,-1755,-648,-2143,-511,0.3175048828125,0.3302001953125,-0.7015380859375,-0.54559326171875,4.054
836,159,2040,17002,-1382,1057,-1786,-2118,-609,-2221,-511,0.3162841796875,0.33056640625,-0.701171875,-0.546630859375,4.054
837,159,4329,16334,-2284,269,-438,-2447,-609,-2221,-511,0.316162109375,0.3309326171875,-0.70068359375,-0.547119140625,4.054
838,159,3632,15686,-2829,619,909,-2297,-648,-2182,-511,0.31634521484375,0.33203125,-0.70025634765625,-0.54693603515625,4.054
839,159,1552,16331,-2581,662,1622,-2317,-648,-2182,-511,0.3162841796875,0.33380126953125,-0.6993408203125,-0.54705810546875,4.054
840,159,237,16475,-3452,298,764,-2088,-570,-2182,-550,0.3155517578125,0.33551025390625,-0.6986083984375,-0.54742431640625,4.054
841,159,1632,16107,-3552,101,77,-1994,-570,-2182,-550,0.31488037109375,0.33660888671875,-0.6981201171875,-0.5477294921875,4.054
842,159,2751,15740,-3644,0,219,-1915,-609,-2182,-589,0.314697265625,0.33746337890625,-0.69769287109375,-0.5478515625,4.054
843,159,2077,15382,-3503,4,408,-1898,-609,-2182,-589,0.31439208984375,0.33843994140625,-0.69720458984375,-0.5479736328125,4.054
844,159,1563,15235,-3226,39,358,-2073,-570,-2260,-471,0.31390380859375,0.339599609375,-0.6966552734375,-0.54827880859375,4.054
845,159,2004,15480,-2791,86,0,-2267,-570,-2260,-471,0.31341552734375,0.34051513671875,-0.696044921875,-0.54876708984375,4.054
846,159,1946,15705,-3417,28,-590,-2460,-609,-2182,-511,0.3125,0.34136962890625,-0.69561767578125,-0.54925537109375,4.054
847,159,1818,15799,-2588,216,-1013,-2803,-609,-2182,-511,0.31134033203125,0.3421630859375,-0.69512939453125,-0.55010986328125,4.054
848,159,1535,15938,-2694,237,-988,-3018,-570,-2221,-511,0.31005859375,0.3431396484375,-0.69451904296875,-0.55096435546875,4.054
849,159,1366,15781,-2647,249,-1349,-3270,-570,-2221,-511,0.3084716796875,0.34417724609375,-0.69390869140625,-0.552001953125,4.054
850,159,2014,15657,-3087,13,-1148,-3701,-570,-2260,-432,0.30694580078125,0.34521484375,-0.69329833984375,-0.55291748046875,4.054
851,159,3449,15436,-3355,39,-577,-3951,-570,-2260,-432,0.305908203125,0.34637451171875,-0.6927490234375,-0.55340576171875,4.054
852,159,4025,15606,-4274,76,478,-4094,-530,-2260,-432,0.30523681640625,0.3480224609375,-0.692138671875,-0.55352783203125,4.054
853,159,2893,16098,-4488,189,1085,-3945,-530,-2260,-432,0.30462646484375,0.35003662109375,-0.69140625,-0.55352783203125,4.054
854,159,1551,16149,-3217,160,1544,-4006,-452,-2260,-511,0.3040771484375,0.3524169921875,-0.69012451171875,-0.55389404296875,4.054
855,159,1335,16038,-3385,-112,1774,-4030,-452,-2260,-511,0.30364990234375,0.3548583984375,-0.68878173828125,-0.5543212890625,4.054
856,159,808,16119,-4295,-123,854,-4116,-491,-2260,-589,0.30255126953125,0.357177734375,-0.68768310546875,-0.5548095703125,4.054
857,159,603,16253,-4290,-117,-70,-4135,-491,-2260,-589,0.30096435546875,0.35919189453125,-0.686767578125,-0.55548095703125,4.054
858,159,1339,15720,-4107,793,-751,-4031,-452,-2182,-511,0.2991943359375,0.36090087890625,-0.6864013671875,-0.55584716796875,4.054
859,159,1363,16413,-2560,415,-539,-4459,-452,-2182,-511,0.2977294921875,0.362548828125,-0.68536376953125,-0.5567626953125,4.054
860,159,2294,16102,-3714,-386,97,-4761,-412,-2260,-471,0.296630859375,0.3643798828125,-0.68426513671875,-0.55755615234375,4.054
861,159,2859,15536,-3843,-19,18,-5097,-412,-2260,-471,0.29541015625,0.36627197265625,-0.68328857421875,-0.55810546875,4.054
862,159,4499,16246,-2922,-107,1189,-5204,-412,-2221,-511,0.29522705078125,0.36822509765625,-0.6820068359375,-0.55841064453125,4.054
863,159,1452,15904,-3783,-180,1435,-5062,-412,-2221,-511,0.29437255859375,0.370849609375,-0.68060302734375,-0.55889892578125,4.054
864,159,-684,16543,-1775,-116,2011,-5232,-452,-2300,-471,0.29351806640625,0.373779296875,-0.6783447265625,-0.56005859375,4.054
865,159,-570,16614,-2995,-813,1650,-5631,-452,-2300,-471,0.29241943359375,0.37677001953125,-0.67620849609375,-0.561279296875,4.054
866,159,405,15917,-4102,-887,810,-5535,-294,-2300,-471,0.291015625,0.37945556640625,-0.67449951171875,-0.56231689453125,4.054
867,159,185,15808,-3940,-624,706,-5420,-294,-2300,-471,0.28955078125,0.38201904296875,-0.67291259765625,-0.563232421875,4.054
868,159,-197,15788,-3462,-937,439,-5612,-334,-2300,-511,0.28802490234375,0.38458251953125,-0.67108154296875,-0.56451416015625,4.054
869,159,-335,16168,-3571,-1485,-68,-5955,-334,-2300,-511,0.2862548828125,0.38690185546875,-0.66900634765625,-0.566162109375,4.054
870,159,510,16577,-3659,-1897,-342,-6240,-216,-2260,-511,0.28460693359375,0.38909912109375,-0.6668701171875,-0.56805419921875,4.054
871,159,2281,16805,-4101,-2502,-607,-6396,-216,-2260,-511,0.28326416015625,0.390869140625,-0.66473388671875,-0.5699462890625,4.054
872,159,1022,16767,-4895,-2606,-1048,-6007,-176,-2300,-550,0.281494140625,0.392578125,-0.66278076171875,-0.57196044921875,4.054
873,159,-1365,16933,-3327,-2098,-1709,-6111,-176,-2300,-550,0.27899169921875,0.3944091796875,-0.66058349609375,-0.574462890625,4.054
874,159,-2212,17283,-2879,-2397,-2281,-6368,-176,-2339,-511,0.27606201171875,0.3961181640625,-0.65814208984375,-0.5775146484375,4.054
875,159,-1732,16808,-3422,-2695,-3272,-6707,-176,-2339,-511,0.27276611328125,0.3974609375,-0.6558837890625,-0.5806884765625,4.054
876,159,-840,16290,-3559,-2583,-3669,-6695,-255,-2260,-589,0.26953125,0.39849853515625,-0.6539306640625,-0.58367919921875,4.054
877,159,-671,16546,-2818,-2616,-3231,-6794,-255,-2260,-589,0.2666015625,0.3995361328125,-0.65179443359375,-0.58673095703125,4.054
878,159,-866,16171,-3518,-2605,-3031,-6869,-176,-2300,-511,0.26361083984375,0.4007568359375,-0.64971923828125,-0.58953857421875,4.054
879,159,-1594,16354,-3018,-2628,-3454,-7229,-176,-2300,-511,0.26019287109375,0.40203857421875,-0.6474609375,-0.5926513671875,4.054
880,159,-422,15638,-3367,-2446,-3844,-7397,-98,-2221,-589,0.25677490234375,0.4031982421875,-0.64544677734375,-0.5955810546875,4.054
881,159,-1268,16361,-1306,-2397,-3627,-8018,-98,-2221,-589,0.25341796875,0.404296875,-0.64263916015625,-0.59918212890625,4.054
882,159,-740,16632,-2078,-2640,-2973,-8692,-58,-2260,-629,0.25018310546875,0.406005859375,-0.6397705078125,-0.6025390625,4.054
883,159,327,16921,-2362,-3142,-2577,-9228,-58,-2260,-629,0.24725341796875,0.40777587890625,-0.63671875,-0.605712890625,4.054
884,159,319,17382,-2234,-3140,-1569,-9750,-58,-2300,-589,0.24456787109375,0.4100341796875,-0.6334228515625,-0.6087646484375,4.054
885,159,-278,18060,-2372,-3512,-679,-10456,-58,-2300,-589,0.241943359375,0.41290283203125,-0.62957763671875,-0.61181640625,4.054
886,159,-922,18340,-3255,-3079,-863,-10668,19,-2221,-550,0.23876953125,0.4161376953125,-0.6259765625,-0.61456298828125,4.054
887,159,-1553,20009,-1951,-2805,-1456,-11684,19,-2221,-550,0.235107421875,0.4193115234375,-0.62200927734375,-0.61785888671875,4.054
888,159,-1146,20675,-1208,-3226,-1895,-11413,58,-2182,-589,0.231689453125,0.421875,-0.617919921875,-0.62152099609375,4.054
889,159,-3414,21267,522,-2625,-1771,-12753,58,-2182,-589,0.22747802734375,0.425048828125,-0.61309814453125,-0.62567138671875,4.054
890,159,-1134,22003,345,-2756,-1784,-13408,176,-2260,-747,0.22344970703125,0.42816162109375,-0.6082763671875,-0.62957763671875,4.054
891,159,-991,22730,1122,-1883,-1827,-13977,176,-2260,-747,0.21893310546875,0.4315185546875,-0.60369873046875,-0.63330078125,4.054
892,159,-1254,22108,1997,-1100,-1213,-14529,255,-2182,-707,0.214111328125,0.4354248046875,-0.5989990234375,-0.63671875,4.054
893,159,-2525,23311,3808,-1451,433,-15789,255,-2182,-707,0.209228515625,0.44049072265625,-0.59344482421875,-0.64007568359375,4.054
894,159,-1670,22662,1516,-1659,695,-16451,294,-2221,-668,0.20452880859375,0.44561767578125,-0.58782958984375,-0.6431884765625,4.054
895,159,-1826,22922,1826,-1037,309,-16942,294,-2221,-668,0.19921875,0.45086669921875,-0.58245849609375,-0.6461181640625,4.054
896,159,-1701,24795,2989,-976,10,-17531,373,-2221,-707,0.1934814453125,0.45611572265625,-0.5767822265625,-0.649169921875,4.054
897,159,-2322,26270,3084,-1488,-1627,-18163,373,-2221,-707,0.18701171875,0.4608154296875,-0.57098388671875,-0.6529541015625,4.054
