ProgrNum,PacketType,AccX,AccY,AccZ,GyrX,GyrY,GyrZ,MagX,MagY,MagZ,Q0,Q1,Q2,Q3,Vbat
0,159,-2039,-16252,-3324,1312,-42,962,-1022,1317,1238,0.251708984375,-0.21710205078125,0.7431640625,-0.58062744140625,4.132
1,159,-2458,-16369,-3416,1517,-5,1078,-1022,1317,1238,0.25506591796875,-0.2042236328125,0.74786376953125,-0.57781982421875,4.132
2,159,-3035,-16029,-3584,1731,-297,880,-432,2182,373,0.02923583984375,0.1090087890625,0.7716064453125,-0.62591552734375,4.132
3,159,-3245,-16157,-3187,1717,-671,751,-432,2182,373,0.05426025390625,0.0867919921875,0.76641845703125,-0.63409423828125,4.132
4,159,-3214,-16311,-3023,1614,-1114,663,-432,2143,294,0.03521728515625,0.10675048828125,0.76025390625,-0.63970947265625,4.132
5,159,-3278,-16571,-2937,1738,-1599,647,-432,2143,294,0.04168701171875,0.09954833984375,0.75872802734375,-0.642333984375,4.132
6,159,-2953,-16759,-2978,1867,-1803,674,-314,2143,216,0.00970458984375,-0.1441650390625,-0.75189208984375,0.64312744140625,4.132
91,159,3407,-15811,-1837,-10863,-8284,-6525,-825,1867,766,0.093017578125,-0.13714599609375,0.77398681640625,-0.61090087890625,4.132
92,159,1010,-15301,-3527,-11369,-6730,-5278,-943,1985,924,0.09320068359375,-0.14324951171875,0.777587890625,-0.60491943359375,4.132
93,159,-887,-14354,-3653,-13359,-5907,-4893,-943,1985,924,0.09332275390625,-0.14862060546875,0.78204345703125,-0.597900390625,4.132
94,159,-3249,-16576,-5955,-14427,-5962,-4785,-1022,2025,1002,0.0936279296875,-0.15380859375,0.7869873046875,-0.5899658203125,4.132
95,159,-4390,-16581,-8812,-14946,-6599,-4423,-1022,2025,1002,0.0943603515625,-0.1590576171875,0.792236328125,-0.58135986328125,4.132
96,159,-4405,-15779,-9383,-16420,-7931,-4089,-943,1867,1002,0.095703125,-0.16473388671875,0.7979736328125,-0.5716552734375,4.132
97,159,-8618,-17365,-16740,-18590,-9462,-4224,-943,1867,1002,0.09759521484375,-0.171142578125,0.80438232421875,-0.56036376953125,4.132
194,159,15294,11460,2302,-751,-1135,-2161,-668,-2064,-688,-0.00311279296875,-0.16571044921875,0.70660400390625,0.687744140625,4.132
195,159,7660,13885,14280,-2320,1309,-2202,-668,-2064,-688,-0.00347900390625,-0.166748046875,0.704833984375,0.6893310546875,4.132
196,159,777,16449,16457,-2359,7812,-1186,-668,-2143,-688,-0.00701904296875,-0.17047119140625,0.70294189453125,0.6903076171875,4.132
197,159,-2280,21531,14734,-1878,12918,510,-668,-2143,-688,-0.01348876953125,-0.17572021484375,0.7012939453125,0.6905517578125,4.132
294,159,-70,13627,10882,1,-664,945,-668,-1789,-1120,-0.202880859375,-0.2188720703125,0.5672607421875,0.76739501953125,4.085
295,159,-117,14040,9887,25,291,1242,-668,-1789,-1120,-0.2041015625,-0.2177734375,0.5662841796875,0.76806640625,4.085
296,159,-351,14366,8858,-137,1281,1141,-668,-1749,-1120,-0.2056884765625,-0.217041015625,0.56512451171875,0.76873779296875,4.085
323,159,-5130,13623,10988,216,2009,886,-432,-1671,-1317,-0.24481201171875,-0.25732421875,0.49102783203125,0.79522705078125,4.085
324,159,-5060,14112,10609,221,2382,1313,-353,-1710,-1317,-0.24591064453125,-0.25811767578125,0.48956298828125,0.7955322265625,4.085
325,159,-4850,14786,8837,876,1828,908,-353,-1710,-1317,-0.24627685546875,-0.2591552734375,0.4888916015625,0.7955322265625,4.085
326,159,-5025,14881,10955,456,2328,599,-353,-1749,-1356,-0.2469482421875,-0.2601318359375,0.4874267578125,0.7958984375,4.085
327,159,-4392,15031,10944,-225,2363,-21,-353,-1749,-1356,-0.24755859375,-0.260986328125,0.48553466796875,0.79656982421875,4.085
328,159,-1875,14298,9708,-114,1353,-993,-314,-1671,-1395,-0.248046875,-0.2608642578125,0.48406982421875,0.79736328125,4.085
329,159,1224,13411,10255,-226,899,-1372,-314,-1671,-1395,-0.24847412109375,-0.26031494140625,0.4830322265625,0.79803466796875,4.085
330,159,4377,11389,10441,-916,1060,-1519,-314,-1710,-1356,-0.2490234375,-0.25982666015625,0.48187255859375,0.7987060546875,4.085
331,159,6234,7780,11231,-714,2548,-743,-314,-1710,-1356,-0.25030517578125,-0.260009765625,0.48065185546875,0.79901123046875,4.085
332,159,6071,5640,11969,184,5041,713,-393,-1789,-1317,-0.25286865234375,-0.26123046875,0.4796142578125,0.7984619140625,4.085
333,159,2774,6430,10807,1677,6541,1954,-393,-1789,-1317,-0.25616455078125,-0.26318359375,0.4791259765625,0.79705810546875,4.085
334,159,305,8280,11329,2003,6637,2613,-235,-1749,-1395,-0.2596435546875,-0.2652587890625,0.4786376953125,0.7955322265625,4.085
335,159,-408,9284,11089,1488,5459,2340,-235,-1749,-1395,-0.2626953125,-0.2667236328125,0.4779052734375,0.79443359375,4.085
336,159,-114,9485,10754,967,4882,2055,-275,-1749,-1317,-0.26556396484375,-0.267822265625,0.47705078125,0.79364013671875,4.085
337,159,139,10496,9877,1131,5690,2180,-275,-1749,-1317,-0.26885986328125,-0.26904296875,0.476318359375,0.79254150390625,4.085
338,159,179,12206,10259,884,5087,1756,-275,-1749,-1277,-0.2718505859375,-0.26995849609375,0.47552490234375,0.79168701171875,4.085
339,159,3920,12375,9478,-445,4838,1743,-275,-1749,-1277,-0.2752685546875,-0.27032470703125,0.47467041015625,0.7908935546875,4.085
340,159,7992,11602,7942,-687,6513,2602,-314,-1671,-1435,-0.27972412109375,-0.271240234375,0.47393798828125,0.78948974609375,4.085
341,159,10443,11036,9449,-326,9680,4179,-314,-1671,-1435,-0.2857666015625,-0.27337646484375,0.472900390625,0.78717041015625,4.085
342,159,11293,11976,9619,254,13691,6732,-235,-1631,-1277,-0.2943115234375,-0.27691650390625,0.471923828125,0.78338623046875,4.085
343,159,8938,12234,11251,1099,17852,9302,-235,-1631,-1277,-0.30511474609375,-0.2818603515625,0.47076416015625,0.77813720703125,4.085
344,159,3788,12717,12885,2060,21501,11715,-196,-1749,-1317,-0.31793212890625,-0.28814697265625,0.46923828125,0.7716064453125,4.085
345,159,-1904,13593,12687,3042,23471,13192,-196,-1749,-1317,-0.33135986328125,-0.29559326171875,0.46728515625,0.76434326171875,4.085
346,159,-7308,14387,12121,3402,23445,13477,-235,-1749,-1317,-0.34393310546875,-0.30401611328125,0.46502685546875,0.75677490234375,4.085
347,159,-11737,13483,12040,2896,21107,12634,-235,-1749,-1317,-0.35516357421875,-0.31182861328125,0.462890625,0.74969482421875,4.085
348,159,-14519,12197,11573,2289,17807,11140,-235,-1749,-1395,-0.36468505859375,-0.31842041015625,0.46087646484375,0.74359130859375,4.085
349,159,-17282,11207,11384,1980,13634,8859,-235,-1749,-1395,-0.371826171875,-0.3236083984375,0.459228515625,0.73876953125,4.085
350,159,-19682,10128,12870,1333,9557,5742,-39,-1867,-1395,-0.37646484375,-0.32757568359375,0.45758056640625,0.7357177734375,4.085
351,159,-20979,9925,12790,946,4602,2009,-39,-1867,-1395,-0.37786865234375,-0.3302001953125,0.4561767578125,0.7347412109375,4.085
352,159,-23081,11031,12051,1181,-165,-1950,-157,-1710,-1435,-0.37591552734375,-0.33184814453125,0.4552001953125,0.73553466796875,4.085
353,159,-25444,14218,10495,2065,-4410,-6246,-157,-1710,-1435,-0.37030029296875,-0.33319091796875,0.45489501953125,0.73797607421875,4.085
354,159,-21786,20124,11258,3609,-9891,-9797,-117,-1710,-1395,-0.3609619140625,-0.3333740234375,0.45587158203125,0.741943359375,4.085
355,159,-14961,21280,13127,2574,-12159,-10597,-117,-1710,-1395,-0.3509521484375,-0.33209228515625,0.45635986328125,0.74700927734375,4.085
356,159,-9470,19275,12979,667,-12453,-9789,-39,-1749,-1356,-0.34185791015625,-0.3294677734375,0.4559326171875,0.75262451171875,4.085
357,159,-6337,15784,11071,586,-13179,-8283,-39,-1749,-1356,-0.33355712890625,-0.3255615234375,0.45587158203125,0.758056640625,4.085
358,159,-4217,14493,7195,1860,-12274,-5972,-157,-1828,-1317,-0.32623291015625,-0.3216552734375,0.457763671875,0.76177978515625,4.085
359,159,-759,14546,6309,2418,-11336,-3728,-157,-1828,-1317,-0.32122802734375,-0.316650390625,0.46112060546875,0.76397705078125,4.085
360,159,1176,15723,5998,1808,-9849,-3112,-117,-1789,-1317,-0.31719970703125,-0.31195068359375,0.4642333984375,0.76568603515625,4.085
361,159,3774,15145,5805,1519,-8674,-3334,-117,-1789,-1317,-0.3135986328125,-0.3077392578125,0.4669189453125,0.7672119140625,4.085
362,159,5024,12438,6558,2549,-4992,-2479,-78,-1710,-1317,-0.3114013671875,-0.3050537109375,0.46917724609375,0.767822265625,4.085
363,159,2814,9964,6418,3806,-1693,-1232,-78,-1710,-1317,-0.310546875,-0.30389404296875,0.47125244140625,0.767333984375,4.085
364,159,2102,9970,8213,4350,1480,609,-235,-1749,-1159,-0.31134033203125,-0.30389404296875,0.4730224609375,0.7659912109375,4.085
365,159,-1116,10420,8815,3999,3314,1706,-235,-1749,-1159,-0.31292724609375,-0.3046875,0.4737548828125,0.7645263671875,4.085
366,159,-6061,10565,8281,3770,4629,1895,-157,-1789,-1238,-0.31396484375,-0.3074951171875,0.4736328125,0.7630615234375,4.085
367,159,-10996,11583,6992,4154,4270,672,-157,-1789,-1238,-0.3138427734375,-0.31134033203125,0.47393798828125,0.7613525390625,4.085
368,159,-15197,13653,5283,3452,1416,-1552,-117,-1789,-1277,-0.311767578125,-0.3145751953125,0.474365234375,0.7606201171875,4.085
369,159,-17829,15490,3941,2858,-3005,-4038,-117,-1789,-1277,-0.30718994140625,-0.3162841796875,0.47503662109375,0.7613525390625,4.085
370,159,-18753,16739,3673,1864,-8174,-6711,-117,-1828,-1277,-0.29998779296875,-0.3160400390625,0.4757080078125,0.763916015625,4.085
371,159,-18457,15422,2201,1472,-12468,-8488,-117,-1828,-1277,-0.29058837890625,-0.31414794921875,0.47674560546875,0.76763916015625,4.085
372,159,-16292,13532,1621,1312,-15345,-8647,-157,-1907,-1238,-0.2802734375,-0.31085205078125,0.478271484375,0.77191162109375,4.085
373,159,-10584,11442,1137,1037,-17850,-8547,-157,-1907,-1238,-0.269287109375,-0.3060302734375,0.48016357421875,0.7764892578125,4.085
374,159,-5300,10650,3542,1310,-19064,-8147,-235,-1867,-1238,-0.2581787109375,-0.3001708984375,0.48248291015625,0.78118896484375,4.085
375,159,-747,11449,3978,1943,-17749,-6477,-235,-1867,-1238,-0.24957275390625,-0.29278564453125,0.48590087890625,0.78460693359375,4.085
376,159,3980,12896,3566,3384,-15762,-4637,-275,-1907,-1159,-0.24249267578125,-0.28564453125,0.49017333984375,0.7867431640625,4.085
377,159,8810,13790,4572,4762,-11710,-2479,-275,-1907,-1159,-0.23760986328125,-0.27984619140625,0.49481201171875,0.78741455078125,4.085
378,159,7438,14657,2684,6129,-7080,-331,-275,-1946,-1199,-0.2349853515625,-0.27618408203125,0.49993896484375,0.7862548828125,4.085
379,159,6396,14014,3128,6190,-3328,1680,-275,-1946,-1199,-0.23455810546875,-0.273681640625,0.5048828125,0.78411865234375,4.085
380,159,5239,13026,5632,5333,507,3481,-275,-1907,-1120,-0.236572265625,-0.272216796875,0.5086669921875,0.78155517578125,4.085
381,159,1721,13367,6547,4641,4255,4706,-275,-1907,-1120,-0.2406005859375,-0.27197265625,0.5113525390625,0.7786865234375,4.085
382,159,-4007,14691,7200,4200,6871,5375,-314,-1867,-1042,-0.24444580078125,-0.27423095703125,0.5128173828125,0.77581787109375,4.085
383,159,-9539,16726,7707,3384,7234,4498,-314,-1867,-1042,-0.2474365234375,-0.2779541015625,0.513427734375,0.7730712890625,4.085
384,159,-11987,17558,8766,2176,5261,1888,-314,-1867,-1120,-0.2486572265625,-0.2813720703125,0.5130615234375,0.77166748046875,4.085
385,159,-14376,17323,9182,978,2989,-326,-314,-1867,-1120,-0.248291015625,-0.28424072265625,0.51214599609375,0.7713623046875,4.085
386,159,-15602,17370,7354,-227,316,-2240,-275,-1907,-1081,-0.2462158203125,-0.286376953125,0.5108642578125,0.7720947265625,4.085
387,159,-14671,16993,5814,-510,-3261,-4511,-275,-1907,-1081,-0.24188232421875,-0.28741455078125,0.50982666015625,0.77374267578125,4.085
388,159,-13003,17663,5302,-842,-6246,-6124,-314,-1867,-1081,-0.23583984375,-0.28741455078125,0.5089111328125,0.77618408203125,4.085
389,159,-9151,18123,5083,-1402,-8193,-6869,-314,-1867,-1081,-0.22918701171875,-0.28631591796875,0.5081787109375,0.77911376953125,4.085
390,159,-4395,17746,4488,-2160,-9083,-7305,-235,-1985,-1042,-0.22271728515625,-0.28399658203125,0.50762939453125,0.78216552734375,4.085
391,159,-935,16263,4780,-2307,-9147,-6979,-235,-1985,-1042,-0.2171630859375,-0.2806396484375,0.50726318359375,0.78515625,4.085
392,159,1599,15366,4745,-1934,-8019,-5804,-275,-1985,-1081,-0.2127685546875,-0.277099609375,0.50714111328125,0.78765869140625,4.085
393,159,3916,15571,5430,-1348,-6742,-4443,-275,-1985,-1081,-0.20947265625,-0.27362060546875,0.50732421875,0.7896728515625,4.085
394,159,4660,15445,5672,-801,-4568,-2454,-235,-1907,-1120,-0.20794677734375,-0.27056884765625,0.50775146484375,0.79083251953125,4.085
395,159,3824,14960,4718,-89,-2184,-490,-235,-1907,-1120,-0.20794677734375,-0.26837158203125,0.5086669921875,0.791015625,4.085
396,159,1409,13692,5356,623,-407,406,-275,-1946,-1120,-0.2088623046875,-0.26678466796875,0.50970458984375,0.7906494140625,4.085
397,159,-1818,12901,5217,1447,1079,699,-275,-1946,-1120,-0.209716796875,-0.26654052734375,0.51068115234375,0.7899169921875,4.085
398,159,-4184,12909,5105,1816,2211,587,-314,-1946,-1081,-0.2099609375,-0.26806640625,0.51141357421875,0.78887939453125,4.085
399,159,-5105,12868,5978,2042,2751,-25,-314,-1946,-1081,-0.20977783203125,-0.270263671875,0.5115966796875,0.7880859375,4.085
400,159,-5292,13945,7678,1654,2518,-879,-314,-1946,-1159,-0.20916748046875,-0.272216796875,0.51092529296875,0.7879638671875,4.085
401,159,-3828,14542,10791,1180,2379,-1017,-314,-1946,-1159,-0.20941162109375,-0.27313232421875,0.509765625,0.78826904296875,4.085
402,159,-3853,14919,11172,1152,2275,-425,-235,-1907,-1120,-0.20989990234375,-0.2738037109375,0.50872802734375,0.78857421875,4.085
403,159,-5604,14469,10547,1224,1638,163,-235,-1907,-1120,-0.21002197265625,-0.27447509765625,0.50775146484375,0.7889404296875,4.085
404,159,-6881,11767,10684,1284,-70,471,-314,-1907,-1042,-0.20953369140625,-0.2745361328125,0.50714111328125,0.78948974609375,4.085
405,159,-10008,9989,9526,1293,-2174,223,-314,-1907,-1042,-0.2078857421875,-0.27423095703125,0.50689697265625,0.7901611328125,4.085
406,159,-11813,10581,4881,2386,-3267,-149,-235,-1946,-1081,-0.2052001953125,-0.27423095703125,0.5079345703125,0.79022216796875,4.085
407,159,-11173,11110,4768,3480,-4433,-655,-235,-1946,-1081,-0.20166015625,-0.27398681640625,0.50958251953125,0.79010009765625,4.085
408,159,-11065,10162,4865,3875,-5483,-1791,-196,-1907,-963,-0.1971435546875,-0.2735595703125,0.5113525390625,0.790283203125,4.085
409,159,-10269,10461,5351,4326,-6376,-2712,-196,-1907,-963,-0.1917724609375,-0.27301025390625,0.51318359375,0.79058837890625,4.085
410,159,-9400,11752,5475,4217,-7021,-2743,-235,-1946,-1042,-0.18621826171875,-0.27203369140625,0.51507568359375,0.791015625,4.085
411,159,-9792,13840,5117,3847,-8232,-2724,-235,-1946,-1042,-0.18035888671875,-0.2703857421875,0.5172119140625,0.7916259765625,4.085
412,159,-10565,13969,6203,2850,-9564,-2401,-353,-1985,-1002,-0.17431640625,-0.26776123046875,0.518798828125,0.79278564453125,4.085
413,159,-11615,12890,5840,2803,-11262,-2365,-353,-1985,-1002,-0.167724609375,-0.2642822265625,0.52056884765625,0.794189453125,4.085
414,159,-12333,13505,3155,3018,-13378,-3065,-314,-2064,-1002,-0.16009521484375,-0.260009765625,0.52294921875,0.795654296875,4.085
415,159,-10404,14584,4655,3189,-15086,-3931,-314,-2064,-1002,-0.1514892578125,-0.25506591796875,0.5252685546875,0.79736328125,4.085
416,159,-8292,16618,4616,3307,-16253,-4996,-353,-2103,-1002,-0.14215087890625,-0.24951171875,0.5279541015625,0.79913330078125,4.085
417,159,-5752,18331,3387,3931,-16864,-6356,-353,-2103,-1002,-0.13226318359375,-0.24359130859375,0.5311279296875,0.800537109375,4.085
418,159,-2096,19170,4013,4720,-16032,-6627,-275,-1985,-884,-0.1229248046875,-0.237548828125,0.53466796875,0.80145263671875,4.085
419,159,834,19006,5277,4517,-14448,-6093,-275,-1985,-884,-0.1148681640625,-0.23150634765625,0.5379638671875,0.80218505859375,4.085
420,159,2419,19770,4522,4130,-12188,-4765,-353,-2103,-884,-0.10833740234375,-0.22613525390625,0.5411376953125,0.802490234375,4.085
421,159,3426,20776,4084,2969,-10042,-3632,-353,-2103,-884,-0.10333251953125,-0.22137451171875,0.543701171875,0.802734375,4.085
422,159,4193,19557,4269,2048,-7288,-2316,-353,-2103,-845,-0.10015869140625,-0.2174072265625,0.5457763671875,0.8028564453125,4.085
423,159,3681,17928,5062,744,-4330,-1239,-353,-2103,-845,-0.09881591796875,-0.21441650390625,0.54693603515625,0.802978515625,4.085
424,159,640,12768,9861,-246,-1674,-1192,-393,-2103,-806,-0.09832763671875,-0.21258544921875,0.546142578125,0.80413818359375,4.085
425,159,-3760,7650,16450,-906,1544,-780,-393,-2103,-806,-0.0985107421875,-0.21331787109375,0.54437255859375,0.80511474609375,4.085
426,159,-7740,13815,7245,1542,3646,1401,-353,-2064,-845,-0.0992431640625,-0.2156982421875,0.54443359375,0.80438232421875,4.085
427,159,-7946,19256,8167,3372,3365,2818,-353,-2064,-845,-0.1007080078125,-0.2171630859375,0.54608154296875,0.80267333984375,4.085
428,159,-9227,22537,9683,2300,1577,2146,-393,-2064,-727,-0.101318359375,-0.21783447265625,0.54736328125,0.80157470703125,4.085
429,159,-11034,19902,8543,-966,-3147,-733,-393,-2064,-727,-0.09893798828125,-0.21728515625,0.54669189453125,0.80242919921875,4.085
430,159,-8716,15573,10219,-366,-6249,-2873,-393,-2103,-884,-0.09429931640625,-0.215576171875,0.5452880859375,0.80438232421875,4.085
431,159,-4350,17623,8666,1601,-5194,-1646,-393,-2103,-884,-0.09136962890625,-0.21295166015625,0.5457763671875,0.80511474609375,4.085
432,159,1072,19350,6238,1507,-3627,189,-432,-2064,-845,-0.0908203125,-0.20989990234375,0.54742431640625,0.80487060546875,4.085
433,159,6963,16602,8017,-596,-4469,402,-432,-2064,-845,-0.090576171875,-0.20587158203125,0.54766845703125,0.80572509765625,4.085
434,159,10340,10685,11050,-1855,-4329,874,-432,-2064,-727,-0.090576171875,-0.20184326171875,0.546875,0.8072509765625,4.085
435,159,9517,4403,10804,-466,-1181,2689,-432,-2064,-727,-0.09228515625,-0.1990966796875,0.54669189453125,0.80792236328125,4.085
436,159,6913,3107,9770,1868,1814,4021,-393,-2143,-806,-0.0953369140625,-0.19769287109375,0.547607421875,0.80731201171875,4.085
437,159,4332,4235,8361,2573,3528,3982,-393,-2143,-806,-0.09893798828125,-0.197265625,0.54864501953125,0.8062744140625,4.085
438,159,1865,5381,7106,2462,3911,3615,-393,-2064,-806,-0.1024169921875,-0.1971435546875,0.54937744140625,0.8052978515625,4.085
439,159,-84,6197,6475,2888,3611,3138,-393,-2064,-806,-0.10528564453125,-0.19720458984375,0.550048828125,0.804443359375,4.085
440,159,-148,8594,5726,2341,1554,1929,-471,-2103,-806,-0.107177734375,-0.19610595703125,0.55072021484375,0.80401611328125,4.085
441,159,2963,10877,4098,1533,-389,1066,-471,-2103,-806,-0.1083984375,-0.19415283203125,0.5521240234375,0.8033447265625,4.085
442,159,8068,12480,5855,707,-852,973,-511,-2103,-806,-0.10955810546875,-0.19195556640625,0.55303955078125,0.8031005859375,4.085
443,159,12779,13856,5647,-256,1091,2092,-511,-2103,-806,-0.11212158203125,-0.19024658203125,0.553466796875,0.8028564453125,4.085
444,159,15599,14282,7542,-336,4722,4303,-511,-2103,-806,-0.1170654296875,-0.189697265625,0.55377197265625,0.80206298828125,4.085
445,159,15168,14778,8543,97,9442,7472,-511,-2103,-806,-0.1253662109375,-0.1904296875,0.55426025390625,0.80035400390625,4.085
446,159,11904,14727,8116,430,14067,10819,-471,-2025,-727,-0.136962890625,-0.19232177734375,0.55487060546875,0.79754638671875,4.085
447,159,6996,14553,6910,1261,17761,13695,-471,-2025,-727,-0.1512451171875,-0.19512939453125,0.55584716796875,0.7935791015625,4.085
448,159,1993,15291,8406,2490,20526,15784,-432,-2143,-806,-0.16729736328125,-0.19866943359375,0.5567626953125,0.788818359375,4.085
449,159,-5086,16199,9296,3207,22052,16358,-432,-2143,-806,-0.18231201171875,-0.2047119140625,0.55694580078125,0.7838134765625,4.085
450,159,-11973,16951,10580,3535,20841,15135,-511,-2025,-884,-0.1959228515625,-0.2113037109375,0.5572509765625,0.778564453125,4.085
451,159,-17517,17052,12630,2852,17008,12768,-511,-2025,-884,-0.20709228515625,-0.2166748046875,0.5572509765625,0.774169921875,4.085
452,159,-20635,16284,13498,679,11034,9495,-511,-2025,-884,-0.2147216796875,-0.21990966796875,0.5565185546875,0.77166748046875,4.085
453,159,-22567,13507,10866,-1021,4419,5432,-511,-2025,-884,-0.21820068359375,-0.22119140625,0.55535888671875,0.77117919921875,4.085
454,159,-23478,11318,5295,-397,-3417,583,-550,-2064,-845,-0.2161865234375,-0.2205810546875,0.55523681640625,0.77203369140625,4.085
455,159,-14527,12704,7520,529,-9075,-2753,-550,-2064,-845,-0.21038818359375,-0.21832275390625,0.55560302734375,0.77398681640625,4.085
456,159,-5315,15879,7649,-559,-10019,-2975,-589,-2103,-806,-0.20440673828125,-0.2149658203125,0.55560302734375,0.776611328125,4.085
457,159,-2305,17227,8580,-644,-9187,-3064,-589,-2103,-806,-0.19952392578125,-0.2108154296875,0.55548095703125,0.77911376953125,4.085
458,159,553,19485,7955,223,-6761,-2158,-629,-2025,-766,-0.19647216796875,-0.20709228515625,0.556396484375,0.78021240234375,4.085
459,159,3355,21756,6099,960,-4896,-545,-629,-2025,-766,-0.1949462890625,-0.2039794921875,0.55810546875,0.7801513671875,4.085
460,159,4436,21827,5273,1010,-4187,793,-550,-2064,-766,-0.1943359375,-0.20074462890625,0.5599365234375,0.77978515625,4.085
461,159,5679,20391,5627,830,-3343,1695,-550,-2064,-766,-0.1947021484375,-0.1973876953125,0.5616455078125,0.77935791015625,4.085
462,159,4943,18606,5358,1034,-2421,1973,-550,-2064,-806,-0.195556640625,-0.19439697265625,0.5633544921875,0.7786865234375,4.085
463,159,4148,15775,7217,2232,-1465,2354,-550,-2064,-806,-0.1968994140625,-0.19158935546875,0.56500244140625,0.77783203125,4.085
464,159,2181,14259,9496,2530,464,3459,-589,-2064,-806,-0.1993408203125,-0.18951416015625,0.56591796875,0.77703857421875,4.085
465,159,-546,13309,9254,3303,1799,4414,-589,-2064,-806,-0.20208740234375,-0.18841552734375,0.566650390625,0.77606201171875,4.085
466,159,-3274,13498,9893,4482,1530,4649,-707,-2064,-766,-0.2039794921875,-0.18804931640625,0.56787109375,0.7747802734375,4.085
467,159,-6634,14428,9018,4580,541,4099,-707,-2064,-766,-0.2047119140625,-0.18829345703125,0.56951904296875,0.7733154296875,4.085
468,159,-9068,14564,7510,4479,-2206,3256,-668,-2064,-766,-0.203857421875,-0.18780517578125,0.57171630859375,0.77203369140625,4.085
469,159,-10357,13602,6535,4607,-5284,1806,-668,-2064,-766,-0.20111083984375,-0.18634033203125,0.57427978515625,0.77117919921875,4.085
470,159,-9657,12765,5303,5519,-7837,190,-629,-2143,-648,-0.19647216796875,-0.18438720703125,0.57763671875,0.7703857421875,4.085
471,159,-7842,12780,3569,6408,-10504,-1573,-629,-2143,-648,-0.18988037109375,-0.18182373046875,0.581787109375,0.76953125,4.085
472,159,-5157,13051,3111,6756,-13409,-3082,-825,-2064,-688,-0.18157958984375,-0.1781005859375,0.58648681640625,0.76885986328125,4.085
473,159,-3945,13219,2334,7661,-14842,-4442,-825,-2064,-688,-0.172119140625,-0.17401123046875,0.591796875,0.76788330078125,4.085
474,159,-2654,12849,2764,8394,-14437,-4815,-747,-2103,-570,-0.16265869140625,-0.1700439453125,0.5972900390625,0.7666015625,4.085
475,159,-1564,13050,3699,9034,-13558,-4496,-747,-2103,-570,-0.15386962890625,-0.16607666015625,0.602783203125,0.7650146484375,4.085
476,159,-1384,13271,3544,9177,-11521,-3458,-747,-2143,-452,-0.14642333984375,-0.16253662109375,0.6082763671875,0.7628173828125,4.085
477,159,-1615,14415,1876,10012,-10405,-2572,-747,-2143,-452,-0.1397705078125,-0.15948486328125,0.61444091796875,0.759765625,4.085
478,159,-823,16543,560,12185,-10159,-2245,-747,-2143,-452,-0.13330078125,-0.156494140625,0.62176513671875,0.755615234375,4.085
479,159,1100,17192,715,12941,-8731,-1125,-747,-2143,-452,-0.12811279296875,-0.1534423828125,0.62939453125,0.75079345703125,4.085
480,159,1806,16100,900,14334,-7439,-4,-786,-2221,-412,-0.1240234375,-0.1505126953125,0.6375732421875,0.74517822265625,4.085
481,159,3466,15188,83,16065,-8941,-948,-786,-2221,-412,-0.118896484375,-0.1470947265625,0.64654541015625,0.7388916015625,4.085
482,159,4717,13441,-294,17402,-8586,-1287,-747,-2221,-255,-0.11376953125,-0.14398193359375,0.65606689453125,0.73187255859375,4.085
483,159,4204,12738,-2800,19519,-6447,-483,-747,-2221,-255,-0.10955810546875,-0.1419677734375,0.66656494140625,0.72344970703125,4.085
484,159,3559,12553,-4655,21595,-5183,415,-786,-2260,-176,-0.10589599609375,-0.1405029296875,0.67791748046875,0.713623046875,4.085
485,159,3375,14786,-6451,24058,-6959,1397,-786,-2260,-176,-0.1015625,-0.13800048828125,0.6904296875,0.70263671875,4.085
486,159,1253,15573,-6398,27394,-10093,1034,-786,-2143,58,-0.09515380859375,-0.13458251953125,0.704345703125,0.6903076171875,4.085
487,159,1251,17596,-4247,29724,-13530,-235,-786,-2143,58,-0.08642578125,-0.1302490234375,0.7188720703125,0.67718505859375,4.085
488,159,846,21508,-5777,29708,-12341,453,-825,-2260,176,-0.0784912109375,-0.1260986328125,0.7330322265625,0.66363525390625,4.085
489,159,-507,23562,-8012,30473,-11887,1082,-825,-2260,176,-0.07080078125,-0.12200927734375,0.7471923828125,0.64935302734375,4.085
490,159,-549,23223,-8627,32684,-13330,350,-786,-2260,373,-0.0618896484375,-0.11767578125,0.7618408203125,0.63385009765625,4.085
491,159,39,22902,-7250,32684,-15457,553,-786,-2260,373,-0.0521240234375,-0.11224365234375,0.7760009765625,0.61834716796875,4.085
492,159,1625,25358,-2955,32684,-19373,-855,-825,-2221,570,-0.04022216796875,-0.10540771484375,0.7889404296875,0.60369873046875,4.085
493,159,1551,26574,7409,32150,-17887,-1210,-825,-2221,570,-0.02886962890625,-0.099365234375,0.800048828125,0.59027099609375,4.085
494,159,-2151,19073,3950,28218,-15431,-3492,-747,-2064,806,-0.017578125,-0.09564208984375,0.80908203125,0.578857421875,4.085
495,159,-3539,19508,1208,28895,-15544,-5282,-747,-2064,806,-0.0052490234375,-0.0928955078125,0.81793212890625,0.56695556640625,4.085
496,159,-4427,7048,-2208,27398,-10958,-7112,-707,-2182,1081,0.006103515625,-0.09356689453125,0.827392578125,0.55340576171875,4.085
497,159,-1972,-6828,-8088,30095,-8926,-8768,-707,-2182,1081,0.01617431640625,-0.09521484375,0.8387451171875,0.53607177734375,4.085
498,159,-1957,-4089,-6280,31032,-6924,-4774,-668,-2103,1317,0.02398681640625,-0.095458984375,0.85009765625,0.51763916015625,4.085
499,159,-9422,12193,-7256,27199,-10988,-823,-668,-2103,1317,0.03326416015625,-0.09246826171875,0.8585205078125,0.5030517578125,4.085
500,159,-9940,20832,-5093,27042,-12582,-4704,-629,-2025,1513,0.044677734375,-0.09075927734375,0.865478515625,0.48974609375,4.085
501,159,-9979,18059,339,24711,-15683,-7337,-629,-2025,1513,0.0582275390625,-0.0894775390625,0.87103271484375,0.47833251953125,4.085
502,159,-8046,10371,-689,22814,-16349,-7259,-550,-1946,1592,0.07232666015625,-0.088134765625,0.87603759765625,0.46759033203125,4.085
503,159,-6552,10220,658,23158,-16224,-5149,-550,-1946,1592,0.0853271484375,-0.08526611328125,0.8807373046875,0.456787109375,4.085
504,159,-7290,7263,-3023,25140,-17454,-2927,-393,-1907,1710,0.09918212890625,-0.0810546875,0.88653564453125,0.44390869140625,4.085
505,159,-3063,6755,-3091,27752,-16155,-1476,-393,-1907,1710,0.111083984375,-0.0755615234375,0.892333984375,0.4298095703125,4.085
506,159,-1194,5362,4863,30623,-14514,-4186,-432,-1749,1907,0.1221923828125,-0.07159423828125,0.8985595703125,0.4139404296875,4.085
507,159,1497,5550,-6493,31746,-10904,-5781,-432,-1749,1907,0.1304931640625,-0.069091796875,0.90643310546875,0.395263671875,4.085
508,159,1234,4004,-2869,32684,-8331,-8826,-314,-1631,1985,0.1375732421875,-0.06854248046875,0.91314697265625,0.37615966796875,4.085
509,159,-652,6264,-8477,32684,-6004,-8191,-314,-1631,1985,0.1439208984375,-0.06878662109375,0.9205322265625,0.3560791015625,4.085
510,159,-5074,10872,-10153,32684,-6236,-8747,-196,-1474,2143,0.15118408203125,-0.06939697265625,0.926513671875,0.3363037109375,4.085
511,159,-7337,8018,1376,32684,-4989,-9909,-196,-1474,2143,0.1585693359375,-0.071044921875,0.93133544921875,0.31744384765625,4.085
512,159,-9342,3838,-11725,32684,-1095,-9617,-196,-1317,2260,0.1636962890625,-0.07366943359375,0.93817138671875,0.29608154296875,4.085
513,159,-5186,2939,-14520,32684,-2809,-12129,-196,-1317,2260,0.169189453125,-0.0771484375,0.94366455078125,0.27392578125,4.085
514,159,-5580,10210,-24998,32684,-2249,-15497,-157,-1081,2496,0.1744384765625,-0.08251953125,0.9482421875,0.251708984375,4.085
515,159,156,10514,-31825,32684,802,-20076,-157,-1081,2496,0.177978515625,-0.091064453125,0.95257568359375,0.228759765625,4.085
516,159,-2453,15332,-30400,32684,8441,-16572,-39,-727,2536,0.17626953125,-0.098388671875,0.9571533203125,0.2060546875,4.085
517,159,5956,14909,-3973,32684,6363,-21693,-39,-727,2536,0.17633056640625,-0.1083984375,0.95965576171875,0.1844482421875,4.085
518,159,3966,7912,-13840,32684,7826,-18190,-39,-373,2614,0.17449951171875,-0.116455078125,0.9637451171875,0.16180419921875,4.085
519,159,-227,9428,-22410,32684,6748,-13445,-39,-373,2614,0.17315673828125,-0.12158203125,0.9669189453125,0.139404296875,4.085
520,159,-4326,7093,-20890,32684,6055,-10595,-39,-176,2732,0.17236328125,-0.1248779296875,0.96966552734375,0.11724853515625,4.085
521,159,-8096,6299,-17772,32684,6130,-9723,-39,-176,2732,0.17205810546875,-0.1275634765625,0.97149658203125,0.09552001953125,4.085
522,159,-9154,6643,-16167,32684,6241,-8765,-78,58,2614,0.1719970703125,-0.12945556640625,0.97296142578125,0.07421875,4.085
523,159,-9139,5583,-15984,32684,6022,-8460,-78,58,2614,0.1719970703125,-0.13116455078125,0.97406005859375,0.052978515625,4.085
524,159,-8789,3314,-15211,32684,5954,-9246,-157,334,2496,0.172119140625,-0.13330078125,0.97491455078125,0.03118896484375,4.085
525,159,-7647,1215,-16063,32684,6370,-9204,-157,334,2496,0.17156982421875,-0.1353759765625,0.975341796875,0.00897216796875,4.085
526,159,-5561,-721,-16354,32684,6347,-9213,-196,530,2496,0.1705322265625,-0.137451171875,0.97540283203125,-0.0135498046875,4.085
527,159,-5639,-2963,-14824,32684,6369,-9195,-196,530,2496,0.16949462890625,-0.1395263671875,0.974853515625,-0.036376953125,4.085
528,159,-4180,-2195,-16579,32684,6300,-8485,-314,766,2300,0.16802978515625,-0.14093017578125,0.97369384765625,-0.0589599609375,4.085
529,159,-3733,-327,-14495,29303,6143,-6440,-314,766,2300,0.1663818359375,-0.14129638671875,0.97222900390625,-0.07861328125,4.085
530,159,-4990,120,-11880,23934,6343,-3797,-353,924,2182,0.164794921875,-0.140380859375,0.97113037109375,-0.09423828125,4.085
531,159,-3319,-274,-10376,20510,6480,-2920,-353,924,2182,0.1624755859375,-0.139404296875,0.9703369140625,-0.10772705078125,4.085
532,159,-4052,-2989,-12832,18997,8112,309,-471,1002,2182,0.15924072265625,-0.13641357421875,0.97015380859375,-0.12066650390625,4.085
533,159,-6216,-7868,-25925,21279,9785,257,-471,1002,2182,0.15484619140625,-0.1331787109375,0.96942138671875,-0.13531494140625,4.085
534,159,374,-4522,-26380,10359,11729,-4242,-432,1238,2103,0.1470947265625,-0.1336669921875,0.96942138671875,-0.1434326171875,4.085
535,159,9279,-8959,-21760,-7088,17338,-5657,-432,1238,2103,0.133544921875,-0.136474609375,0.9716796875,-0.1419677734375,4.085
536,159,4509,-22759,-27792,-9929,19620,-3565,-511,1238,2064,0.11920166015625,-0.1378173828125,0.97393798828125,-0.13934326171875,4.085
537,159,-1339,-24276,-32591,-1636,16113,787,-511,1238,2064,0.108642578125,-0.13592529296875,0.97509765625,-0.14111328125,4.085
538,159,2799,-23652,-32630,-1302,12609,7828,-629,1277,2064,0.10064697265625,-0.1298828125,0.9765625,-0.142333984375,4.085
539,159,-707,-27409,-32576,-6876,7902,12743,-629,1277,2064,0.09600830078125,-0.1214599609375,0.978515625,-0.13946533203125,4.085
540,159,3604,-32768,-30141,-7166,1874,10909,-668,1199,2103,0.09478759765625,-0.1148681640625,0.9798583984375,-0.1361083984375,4.085
541,159,6071,-32737,-25589,-2609,33,8168,-668,1199,2103,0.09478759765625,-0.10986328125,0.98046875,-0.13568115234375,4.085
542,159,6473,-26715,-23173,2944,1449,10379,-550,1159,2143,0.09429931640625,-0.10302734375,0.98077392578125,-0.138671875,4.085
543,159,6333,-18628,-17920,5756,1707,9955,-550,1159,2143,0.0936279296875,-0.0963134765625,0.98077392578125,-0.1434326171875,4.085
544,159,9899,-11953,-13561,7824,3228,5821,-589,1199,2182,0.09124755859375,-0.092041015625,0.98040771484375,-0.1495361328125,4.085
545,159,12557,-7163,-7193,5514,9708,6544,-589,1199,2182,0.08465576171875,-0.0867919921875,0.98065185546875,-0.15399169921875,4.085
546,159,8244,-6903,-9061,2677,15742,8286,-589,1199,2182,0.07415771484375,-0.080078125,0.98162841796875,-0.1571044921875,4.085
547,159,2576,-8128,-11920,3613,18130,9206,-589,1199,2182,0.0628662109375,-0.072265625,0.982421875,-0.1611328125,4.085
548,159,-2333,-8059,-11955,5923,18946,9189,-589,1277,2025,0.05242919921875,-0.06402587890625,0.982666015625,-0.16656494140625,4.085
549,159,-6402,-7825,-11891,7489,18898,8996,-589,1277,2025,0.04296875,-0.05572509765625,0.98248291015625,-0.1727294921875,4.085
550,159,-10755,-8814,-10987,8123,17817,9067,-668,1356,2025,0.03448486328125,-0.04736328125,0.9820556640625,-0.178955078125,4.085
551,159,-11966,-9796,-9392,5317,14925,8180,-668,1356,2025,0.02764892578125,-0.03997802734375,0.9818115234375,-0.18341064453125,4.085
552,159,-9636,-9985,-8031,1761,12943,9159,-747,1395,1907,0.02191162109375,-0.0322265625,0.98187255859375,-0.18560791015625,4.085
553,159,-5834,-9245,-8039,-1407,12183,11170,-747,1395,1907,0.0166015625,-0.02337646484375,0.982177734375,-0.18609619140625,4.085
554,159,-3165,-10233,-9506,-4759,13292,13627,-747,1395,1985,0.01043701171875,-0.012939453125,0.9827880859375,-0.18463134765625,4.085
555,159,52,-11457,-10246,-3621,14111,14985,-747,1395,1985,0.003173828125,-0.00164794921875,0.9830322265625,-0.18402099609375,4.085
556,159,1081,-13370,-11840,-2008,16112,15170,-747,1474,1907,-0.00531005859375,0.00994873046875,0.98284912109375,-0.1844482421875,4.085
557,159,3707,-15307,-9653,733,18680,14030,-747,1474,1907,-0.0159912109375,0.0211181640625,0.982177734375,-0.18646240234375,4.085
558,159,6228,-18030,-7335,1209,21488,16071,-747,1435,1946,-0.0283203125,0.0338134765625,0.9810791015625,-0.18853759765625,4.085
559,159,1861,-19480,-4072,-865,25229,17534,-747,1435,1946,-0.04229736328125,0.048095703125,0.9798583984375,-0.1890869140625,4.085
560,159,-3646,-21308,-6012,-7060,25578,14677,-786,1435,1867,-0.05615234375,0.060791015625,0.9791259765625,-0.1856689453125,4.085
561,159,-7775,-23985,-6960,-3833,22623,12543,-786,1435,1867,-0.068359375,0.07177734375,0.97784423828125,-0.18414306640625,4.085
562,159,-11220,-23969,-8674,-1570,19877,12026,-786,1592,1828,-0.07867431640625,0.08209228515625,0.976318359375,-0.18402099609375,4.085
563,159,-9779,-22139,-24751,1065,16719,11838,-786,1592,1828,-0.08673095703125,0.0919189453125,0.97442626953125,-0.1856689453125,4.085
564,159,-9137,-21695,-1654,5971,14846,10410,-747,1513,1828,-0.0947265625,0.10009765625,0.97198486328125,-0.1903076171875,4.085
565,159,-9475,-14126,-1463,1141,15761,12544,-747,1513,1828,-0.10247802734375,0.110107421875,0.96978759765625,-0.1917724609375,4.085
566,159,-9106,-11010,-2770,2161,12689,12060,-825,1513,1671,-0.1082763671875,0.119384765625,0.96759033203125,-0.194091796875,4.085
567,159,-6348,-10435,-3136,1411,10224,11936,-825,1513,1671,-0.11248779296875,0.1282958984375,0.965576171875,-0.1961669921875,4.085
568,159,-4592,-10421,-615,776,9284,12191,-825,1592,1671,-0.11639404296875,0.13726806640625,0.9635009765625,-0.19793701171875,4.085
569,159,-4043,-13082,2367,-4040,7727,11793,-825,1592,1671,-0.119140625,0.14605712890625,0.96209716796875,-0.1966552734375,4.085
570,159,-4656,-17090,350,-8006,7451,11264,-825,1631,1671,-0.121337890625,0.15478515625,0.961181640625,-0.19305419921875,4.085
571,159,-2910,-20330,-5271,-6380,7715,10536,-825,1631,1671,-0.12396240234375,0.16302490234375,0.9599609375,-0.19061279296875,4.085
572,159,18,-20696,-9407,-2016,8381,11477,-747,1671,1710,-0.12750244140625,0.17156982421875,0.95794677734375,-0.1910400390625,4.085
573,159,276,-16723,-7781,2277,10672,12788,-747,1671,1710,-0.13275146484375,0.18084716796875,0.95489501953125,-0.1939697265625,4.085
574,159,787,-11982,-4349,3646,12847,13811,-668,1710,1749,-0.139404296875,0.19085693359375,0.9512939453125,-0.197509765625,4.085
575,159,297,-6795,-2546,4446,14800,14487,-668,1710,1749,-0.14727783203125,0.201416015625,0.9471435546875,-0.2012939453125,4.085
576,159,1181,-4375,-2469,3107,15561,14329,-707,1671,1631,-0.15576171875,0.2120361328125,0.94281005859375,-0.2042236328125,4.085
577,159,1185,-4138,-2957,2047,15020,13399,-707,1671,1631,-0.163818359375,0.22216796875,0.9385986328125,-0.2064208984375,4.085
578,159,-718,-5998,-2184,205,13388,10575,-865,1671,1553,-0.17034912109375,0.2305908203125,0.93524169921875,-0.20733642578125,4.085
579,159,-277,-11464,-2482,2001,12370,8254,-865,1671,1553,-0.1771240234375,0.2371826171875,0.93194580078125,-0.2091064453125,4.085
580,159,-132,-13152,-7718,3979,12528,7934,-707,1710,1592,-0.1839599609375,0.2435302734375,0.92828369140625,-0.212158203125,4.085
581,159,640,-11915,-11902,7160,11827,5945,-707,1710,1592,-0.19085693359375,0.24822998046875,0.92462158203125,-0.21661376953125,4.085
582,159,619,-5529,-17422,8193,12444,5831,-707,1749,1474,-0.19781494140625,0.2528076171875,0.9210205078125,-0.22003173828125,4.085
583,159,-1638,164,-21803,7091,11590,5310,-707,1749,1474,-0.20379638671875,0.25701904296875,0.91796875,-0.22222900390625,4.085
584,159,-536,1382,-25144,8689,12510,9341,-668,1828,1395,-0.2100830078125,0.2635498046875,0.913818359375,-0.22564697265625,4.085
585,159,2949,-1713,-19564,2300,5600,10611,-668,1828,1395,-0.21136474609375,0.27056884765625,0.9112548828125,-0.22662353515625,4.085
586,159,4714,-13118,-9807,-4397,-4123,5898,-786,1828,1356,-0.20782470703125,0.2742919921875,0.91094970703125,-0.22705078125,4.085
587,159,14709,-27491,-11082,-4462,-8394,4948,-786,1828,1356,-0.202392578125,0.2764892578125,0.91131591796875,-0.22784423828125,4.085
588,159,25083,-32484,-18701,4324,-5758,9916,-707,1867,1395,-0.19970703125,0.28070068359375,0.9090576171875,-0.23370361328125,4.085
589,159,23439,-28201,-18321,11519,-611,14089,-707,1867,1395,-0.2008056640625,0.28717041015625,0.904296875,-0.24322509765625,4.085
590,159,15076,-19358,-19686,15031,8326,19850,-707,1867,1356,-0.20660400390625,0.29791259765625,0.896728515625,-0.25347900390625,4.085
591,159,5676,-12231,-23072,14233,11887,23038,-707,1867,1356,-0.21209716796875,0.3114013671875,0.88824462890625,-0.26226806640625,4.085
592,159,-4752,-8366,-25172,13222,11672,23315,-589,1867,1277,-0.21612548828125,0.32537841796875,0.8797607421875,-0.27044677734375,4.085
593,159,-12196,-7345,-21804,12053,6471,20577,-589,1867,1277,-0.217041015625,0.33709716796875,0.8724365234375,-0.27880859375,4.085
594,159,-14689,-5851,-18624,10468,-2351,16309,-432,1946,1238,-0.21331787109375,0.3450927734375,0.86737060546875,-0.2877197265625,4.085
595,159,-9822,-6445,-18442,9969,-12277,10384,-432,1946,1238,-0.20513916015625,0.347900390625,0.86492919921875,-0.29742431640625,4.085
596,159,-936,-11469,-15121,11124,-18796,3352,-353,2064,1120,-0.195556640625,0.34515380859375,0.8643798828125,-0.30853271484375,4.085
597,159,2900,-15118,-14818,12590,-21158,4,-353,2064,1120,-0.1865234375,0.33953857421875,0.8642578125,-0.3206787109375,4.085
598,159,4899,-18774,-14172,14332,-21514,-2271,-235,2025,1159,-0.1785888671875,0.33203125,0.86383056640625,-0.3338623046875,4.085
599,159,9731,-23332,-14158,14766,-18583,-1513,-235,2025,1159,-0.17303466796875,0.3250732421875,0.862548828125,-0.34661865234375,4.085
600,159,12241,-23582,-13954,14898,-16685,-1558,-275,2025,1042,-0.16876220703125,0.3182373046875,0.8609619140625,-0.3587646484375,4.085
601,159,13879,-22601,-12379,15127,-12381,-116,-275,2025,1042,-0.16668701171875,0.31304931640625,0.85845947265625,-0.3699951171875,4.085
602,159,9984,-17813,-11610,16590,-6216,3069,-314,2103,1002,-0.16748046875,0.3109130859375,0.854248046875,-0.3809814453125,4.085
603,159,4890,-11275,-10080,17071,-2195,2061,-314,2103,1002,-0.1700439453125,0.30938720703125,0.849853515625,-0.390869140625,4.085
604,159,4272,-7865,-8372,14795,-1554,-695,-157,2143,884,-0.17303466796875,0.30682373046875,0.84649658203125,-0.39862060546875,4.085
605,159,-70,-8036,-7497,13497,-2109,-939,-157,2143,884,-0.17431640625,0.30462646484375,0.84344482421875,-0.40643310546875,4.085
606,159,-2417,-9581,-5179,13355,-3547,-1064,-235,2143,806,-0.1744384765625,0.30218505859375,0.840087890625,-0.415283203125,4.085
607,159,-1183,-10516,-4430,15673,-5429,-2529,-235,2143,806,-0.17486572265625,0.2978515625,0.8363037109375,-0.42578125,4.085
608,159,844,-10560,-4933,16651,-4413,-2735,-157,2182,648,-0.1766357421875,0.2933349609375,0.83209228515625,-0.436279296875,4.085
609,159,2038,-9038,-4080,17847,-3822,-3083,-157,2182,648,-0.1796875,0.28826904296875,0.82745361328125,-0.44696044921875,4.085
610,159,2411,-8480,-2843,17758,-3047,-2377,-196,2103,609,-0.18328857421875,0.28350830078125,0.822509765625,-0.45751953125,4.085
611,159,2496,-8750,-2730,17107,-1524,-1065,-196,2103,609,-0.1871337890625,0.27984619140625,0.8172607421875,-0.46746826171875,4.085
612,159,1845,-8701,-2645,16038,284,340,-235,2221,530,-0.1910400390625,0.27777099609375,0.81170654296875,-0.476806640625,4.085
613,159,241,-8357,-2870,14734,1523,1472,-235,2221,530,-0.194091796875,0.27728271484375,0.80615234375,-0.4853515625,4.085
614,159,-1469,-8920,-2453,13808,1046,1469,-275,2103,412,-0.19598388671875,0.277099609375,0.80072021484375,-0.49359130859375,4.085
615,159,-2492,-10241,-1232,12910,361,973,-275,2103,412,-0.1976318359375,0.27642822265625,0.79559326171875,-0.50146484375,4.085
616,159,-4005,-11372,-2037,11621,-89,1206,-235,2143,334,-0.19830322265625,0.27618408203125,0.79095458984375,-0.5086669921875,4.085
617,159,-5180,-11849,-3040,10042,-900,823,-235,2143,334,-0.1982421875,0.27581787109375,0.78704833984375,-0.51483154296875,4.085
618,159,-5024,-12032,-2447,8169,-1887,151,-196,2221,216,-0.1976318359375,0.2750244140625,0.78387451171875,-0.520263671875,4.085
619,159,-3377,-11629,-781,6557,-2390,-788,-196,2221,216,-0.19720458984375,0.2734375,0.78143310546875,-0.5250244140625,4.085
620,159,-1726,-11450,742,4994,-2249,-1878,-196,2103,216,-0.19744873046875,0.271240234375,0.779541015625,-0.52880859375,4.085
621,159,-968,-11995,1549,3297,-1625,-2910,-196,2103,216,-0.19830322265625,0.26873779296875,0.77838134765625,-0.53143310546875,4.085
622,159,-1126,-12827,778,1406,-1374,-3720,-196,2143,98,-0.19915771484375,0.26629638671875,0.77789306640625,-0.53302001953125,4.085
623,159,-1071,-12716,1180,-187,-1662,-4282,-196,2143,98,-0.19976806640625,0.263671875,0.77813720703125,-0.5338134765625,4.085
624,159,-598,-12182,1591,-1992,-1763,-4555,-196,2182,137,-0.20025634765625,0.260986328125,0.779052734375,-0.5335693359375,4.085
625,159,-1037,-11324,1848,-4005,-1581,-4643,-196,2182,137,-0.200439453125,0.2586669921875,0.7806396484375,-0.53228759765625,4.085
626,159,-1745,-10620,2120,-5757,-1538,-4713,-314,2182,98,-0.20025634765625,0.25665283203125,0.7828369140625,-0.53009033203125,4.085
627,159,-2718,-10229,2022,-7117,-2073,-5119,-314,2182,98,-0.19952392578125,0.2545166015625,0.78564453125,-0.52728271484375,4.085
628,159,-2367,-11238,1970,-7760,-2476,-5450,-275,2103,137,-0.19866943359375,0.2520751953125,0.7886962890625,-0.52410888671875,4.085
629,159,-3135,-12785,1644,-7322,-3304,-5639,-275,2103,137,-0.1973876953125,0.24932861328125,0.791748046875,-0.5213623046875,4.085
630,159,-4117,-14409,2141,-6522,-4611,-6155,-314,2182,216,-0.19573974609375,0.24578857421875,0.79473876953125,-0.5191650390625,4.085
631,159,-5376,-16666,1840,-5983,-6148,-6798,-314,2182,216,-0.19342041015625,0.2413330078125,0.79779052734375,-0.517333984375,4.085
632,159,-6892,-18851,-408,-4840,-7777,-7401,-393,2103,176,-0.1904296875,0.236083984375,0.80072021484375,-0.51629638671875,4.085
633,159,-6849,-20855,-3556,-3376,-8959,-6730,-393,2103,176,-0.1866455078125,0.2308349609375,0.80322265625,-0.5162353515625,4.085
634,159,-5986,-21502,-5441,-2064,-11287,-5908,-432,2143,294,-0.181396484375,0.22503662109375,0.80548095703125,-0.51708984375,4.085
635,159,-2937,-19754,-5653,-1463,-12470,-3948,-432,2143,294,-0.17529296875,0.2196044921875,0.80731201171875,-0.5186767578125,4.085
636,159,436,-16886,-6777,-778,-13266,-3275,-471,2103,373,-0.16925048828125,0.2137451171875,0.809326171875,-0.52008056640625,4.085
637,159,3310,-17789,-7668,-650,-14105,-3884,-471,2103,373,-0.16351318359375,0.20684814453125,0.81146240234375,-0.52130126953125,4.085
638,159,5308,-22205,-8719,-234,-13753,-3450,-511,2103,373,-0.158203125,0.2000732421875,0.81329345703125,-0.52276611328125,4.085
639,159,5936,-22924,-6734,1240,-12911,-1877,-511,2103,373,-0.15325927734375,0.19403076171875,0.81402587890625,-0.525390625,4.085
640,159,7867,-21425,-2973,2887,-10743,316,-589,2064,412,-0.14923095703125,0.18939208984375,0.8134765625,-0.5289306640625,4.085
641,159,8074,-18504,198,3940,-7245,3221,-589,2064,412,-0.14605712890625,0.1875,0.8118896484375,-0.532958984375,4.085
642,159,6349,-15631,811,3926,-3545,5488,-432,1985,373,-0.14385986328125,0.1881103515625,0.80963134765625,-0.53680419921875,4.085
643,159,4223,-15057,-2041,3209,-192,5863,-432,1985,373,-0.14337158203125,0.19000244140625,0.80718994140625,-0.5399169921875,4.085
644,159,2245,-17234,-7595,2973,1290,4748,-432,2025,334,-0.14306640625,0.19256591796875,0.80548095703125,-0.541748046875,4.085
645,159,1518,-18652,-10728,3714,739,2483,-432,2025,334,-0.14300537109375,0.19384765625,0.803955078125,-0.54345703125,4.085
646,159,2098,-17537,-8688,4409,-1667,-1187,-432,2064,334,-0.143310546875,0.19219970703125,0.8028564453125,-0.545654296875,4.085
647,159,3463,-16430,-6757,2580,-4843,-4966,-432,2064,334,-0.14349365234375,0.1873779296875,0.80303955078125,-0.54705810546875,4.085
648,159,5588,-17769,-8683,176,-6225,-7618,-471,2182,294,-0.143798828125,0.1807861328125,0.80462646484375,-0.54681396484375,4.085
649,159,6078,-19657,-13215,-139,-5027,-7798,-471,2182,294,-0.14434814453125,0.17474365234375,0.806396484375,-0.5460205078125,4.085
650,159,6909,-23282,-17352,1760,-3120,-6772,-511,2064,334,-0.1456298828125,0.1697998046875,0.8072509765625,-0.54595947265625,4.085
651,159,7387,-26083,-14865,1661,-2446,-6113,-511,2064,334,-0.14715576171875,0.16534423828125,0.807861328125,-0.54608154296875,4.085
652,159,6715,-24012,-7256,1737,-1506,-4674,-550,2064,294,-0.149169921875,0.16168212890625,0.8076171875,-0.54693603515625,4.085
653,159,4720,-20949,-3568,3428,341,-1316,-550,2064,294,-0.151123046875,0.1602783203125,0.8057861328125,-0.54949951171875,4.085
654,159,2268,-16322,-1701,4398,2659,2501,-550,2064,294,-0.1527099609375,0.1617431640625,0.80279541015625,-0.55291748046875,4.085
655,159,-450,-12199,-2252,4367,4682,5185,-550,2064,294,-0.1534423828125,0.166015625,0.799560546875,-0.5562744140625,4.085
656,159,-2902,-9747,-4026,3593,5944,5906,-511,2064,334,-0.1536865234375,0.171630859375,0.79693603515625,-0.5582275390625,4.085
657,159,-3162,-7255,-4332,1246,5710,4944,-511,2064,334,-0.15386962890625,0.17694091796875,0.79547119140625,-0.55853271484375,4.085
658,159,-3088,-4910,-6050,-2562,3038,3096,-550,2025,255,-0.15301513671875,0.18060302734375,0.79620361328125,-0.55657958984375,4.085
659,159,-2834,-6088,-6008,-5236,-77,1122,-550,2025,255,-0.1510009765625,0.182373046875,0.79833984375,-0.553466796875,4.085
660,159,-2863,-8452,-4952,-6806,-675,-331,-471,2103,216,-0.14892578125,0.18341064453125,0.80096435546875,-0.54986572265625,4.085
661,159,-2976,-9341,-6791,-6857,380,-939,-471,2103,216,-0.14776611328125,0.1844482421875,0.8037109375,-0.54583740234375,4.085
662,159,-2251,-9436,-9451,-6688,118,-1521,-550,2064,334,-0.14691162109375,0.184814453125,0.80670166015625,-0.54156494140625,4.085
663,159,262,-10757,-8857,-7416,-1774,-2565,-550,2064,334,-0.145751953125,0.18377685546875,0.8101806640625,-0.53704833984375,4.085
664,159,2069,-11470,-7269,-8092,-2670,-2946,-511,2103,373,-0.14459228515625,0.18206787109375,0.8138427734375,-0.5323486328125,4.085
665,159,2793,-13585,-6862,-8376,-1870,-2235,-511,2103,373,-0.143798828125,0.18084716796875,0.8172607421875,-0.52777099609375,4.085
666,159,2712,-15776,-7513,-7593,-89,-186,-471,2064,412,-0.14324951171875,0.1812744140625,0.81988525390625,-0.523681640625,4.085
667,159,2325,-16156,-8340,-6413,1080,2045,-471,2064,412,-0.14263916015625,0.18328857421875,0.82171630859375,-0.520263671875,4.085
668,159,2092,-14992,-8689,-4797,2354,4015,-550,2143,452,-0.14208984375,0.18658447265625,0.82275390625,-0.51751708984375,4.085
669,159,1656,-13171,-8151,-3685,3390,5882,-550,2143,452,-0.1416015625,0.19122314453125,0.8231201171875,-0.515380859375,4.085
670,159,822,-11498,-6967,-3930,3513,6596,-550,2143,412,-0.1407470703125,0.1964111328125,0.82342529296875,-0.51324462890625,4.085
671,159,421,-11065,-6616,-4030,3720,6687,-550,2143,412,-0.13983154296875,0.20172119140625,0.8236083984375,-0.5111083984375,4.085
672,159,-272,-10645,-6478,-4766,4090,6802,-550,2103,491,-0.138916015625,0.20733642578125,0.82403564453125,-0.50848388671875,4.085
673,159,-783,-9941,-7176,-5716,4332,6737,-550,2103,491,-0.1378173828125,0.21319580078125,0.82476806640625,-0.50506591796875,4.085
674,159,-770,-10484,-7993,-7375,4084,5921,-432,2103,491,-0.13665771484375,0.2186279296875,0.826171875,-0.500732421875,4.085
675,159,138,-12733,-8807,-8510,3662,4913,-432,2103,491,-0.1356201171875,0.223388671875,0.82806396484375,-0.495849609375,4.085
676,159,305,-14550,-9418,-8893,3707,4090,-393,2103,530,-0.13494873046875,0.2276611328125,0.83001708984375,-0.49078369140625,4.085
677,159,693,-16409,-9513,-8010,4071,3629,-393,2103,530,-0.13482666015625,0.231689453125,0.83154296875,-0.48626708984375,4.085
678,159,432,-16405,-9694,-6646,4513,3728,-393,2103,609,-0.1351318359375,0.23577880859375,0.8326416015625,-0.482421875,4.085
679,159,638,-16102,-9530,-5176,4694,3494,-393,2103,609,-0.1358642578125,0.2396240234375,0.83319091796875,-0.47930908203125,4.085
680,159,747,-15645,-9283,-3962,4972,3544,-353,2103,530,-0.13690185546875,0.24346923828125,0.83331298828125,-0.47686767578125,4.085
681,159,388,-15506,-8715,-2966,5126,3647,-353,2103,530,-0.13812255859375,0.24737548828125,0.83294677734375,-0.47509765625,4.085
682,159,137,-15137,-8556,-1688,5351,3974,-353,2143,609,-0.1395263671875,0.25140380859375,0.8321533203125,-0.47393798828125,4.085
683,159,-706,-14790,-8336,-587,5999,4805,-353,2143,609,-0.1409912109375,0.256103515625,0.83074951171875,-0.47344970703125,4.085
684,159,-1467,-14077,-8438,-351,6464,5330,-353,2182,727,-0.14239501953125,0.26123046875,0.8292236328125,-0.472900390625,4.085
685,159,-2161,-13581,-8165,-823,6676,5594,-353,2182,727,-0.14361572265625,0.26666259765625,0.8277587890625,-0.47210693359375,4.085
686,159,-1921,-13369,-7933,-1661,6736,5660,-314,2064,609,-0.14471435546875,0.27227783203125,0.826416015625,-0.47088623046875,4.085
687,159,-2071,-13572,-7595,-2466,6572,5461,-314,2064,609,-0.1456298828125,0.27777099609375,0.8253173828125,-0.4693603515625,4.085
688,159,-2165,-13588,-7367,-2950,6294,4902,-157,2064,570,-0.14642333984375,0.28302001953125,0.82427978515625,-0.46771240234375,4.085
689,159,-2211,-13698,-6916,-2736,5779,3682,-157,2064,570,-0.14739990234375,0.287353515625,0.8233642578125,-0.46630859375,4.085
690,159,-2220,-13600,-6593,-2408,5261,2787,-275,2143,688,-0.1484375,0.29095458984375,0.8226318359375,-0.465087890625,4.085
691,159,-2321,-13507,-6135,-1970,4828,1921,-275,2143,688,-0.149658203125,0.29388427734375,0.82183837890625,-0.4642333984375,4.085
692,159,-2242,-13480,-5840,-1781,4627,1385,-235,2221,688,-0.15093994140625,0.2965087890625,0.821044921875,-0.46356201171875,4.085
693,159,-2353,-13253,-6291,-1756,4736,1048,-235,2221,688,-0.15228271484375,0.2989501953125,0.82037353515625,-0.46270751953125,4.085
694,159,-1753,-13043,-6394,-2161,4804,860,-235,2064,688,-0.15386962890625,0.30133056640625,0.8199462890625,-0.46148681640625,4.085
695,159,-1369,-13263,-6563,-2761,4938,700,-235,2064,688,-0.155517578125,0.3035888671875,0.8197021484375,-0.45977783203125,4.085
696,159,-1189,-13438,-6691,-3227,5271,695,-196,2143,727,-0.15728759765625,0.3060302734375,0.819580078125,-0.45782470703125,4.085
697,159,-1315,-13793,-6576,-3413,5390,336,-196,2143,727,-0.15924072265625,0.30828857421875,0.81951904296875,-0.455810546875,4.085
698,159,-1500,-14013,-6919,-3436,5451,-120,-157,2064,727,-0.16119384765625,0.31036376953125,0.81951904296875,-0.45367431640625,4.085
699,159,-1862,-14002,-6402,-3387,5497,-690,-157,2064,727,-0.163330078125,0.31219482421875,0.8194580078125,-0.45166015625,4.085
700,159,-2014,-13915,-6330,-3224,5480,-1209,-196,2025,648,-0.16552734375,0.31378173828125,0.8194580078125,-0.44976806640625,4.085
701,159,-2425,-13785,-6507,-3080,5502,-1581,-196,2025,648,-0.16778564453125,0.31524658203125,0.81951904296875,-0.4478759765625,4.085
702,159,-3045,-13922,-6784,-3219,5556,-1938,-314,2064,688,-0.16998291015625,0.3165283203125,0.8197021484375,-0.44573974609375,4.085
703,159,-3364,-13785,-7300,-3043,5372,-2219,-314,2064,688,-0.172119140625,0.31768798828125,0.8199462890625,-0.443603515625,4.085
704,159,-3292,-13408,-7259,-3043,5260,-2371,-235,2143,609,-0.1741943359375,0.31884765625,0.8201904296875,-0.4415283203125,4.085
705,159,-3081,-13648,-7626,-3251,4944,-2570,-235,2143,609,-0.17608642578125,0.31976318359375,0.82061767578125,-0.4393310546875,4.085
706,159,-2523,-14468,-7837,-3219,4470,-2705,-235,2103,688,-0.177978515625,0.3204345703125,0.82110595703125,-0.43719482421875,4.085
707,159,-1660,-14788,-8196,-3034,4428,-2445,-235,2103,688,-0.17999267578125,0.321044921875,0.821533203125,-0.43511962890625,4.085
708,159,-1187,-14443,-8055,-2555,4795,-1739,-314,2025,845,-0.18218994140625,0.32196044921875,0.82177734375,-0.43316650390625,4.085
709,159,-1272,-14461,-8214,-2179,5026,-1204,-314,2025,845,-0.1844482421875,0.32318115234375,0.82171630859375,-0.431396484375,4.085
710,159,-1956,-14105,-8211,-1679,5201,-703,-353,2064,845,-0.18658447265625,0.32470703125,0.8214111328125,-0.42987060546875,4.085
711,159,-2987,-13656,-8544,-1387,5388,-235,-353,2064,845,-0.1884765625,0.32666015625,0.8209228515625,-0.428466796875,4.085
712,159,-3647,-13258,-8904,-1435,5472,243,-314,2143,727,-0.1900634765625,0.32904052734375,0.8203125,-0.4271240234375,4.085
713,159,-4947,-14087,-8876,-1736,5223,402,-314,2143,727,-0.1912841796875,0.33154296875,0.81964111328125,-0.42584228515625,4.085
714,159,-5872,-15426,-8277,-1560,4151,-257,-314,2025,688,-0.192138671875,0.33343505859375,0.819091796875,-0.425048828125,4.085
715,159,-5319,-15181,-9025,-1559,3186,-857,-314,2025,688,-0.19268798828125,0.33465576171875,0.81884765625,-0.42425537109375,4.085
716,159,-4294,-16000,-8549,-1261,2017,-1743,-393,2103,845,-0.193115234375,0.33489990234375,0.81890869140625,-0.423828125,4.085
717,159,-2330,-16259,-8193,-850,1129,-2166,-393,2103,845,-0.1937255859375,0.33447265625,0.8189697265625,-0.42376708984375,4.085
718,159,-905,-16735,-7699,-515,934,-1980,-393,2064,766,-0.194580078125,0.3338623046875,0.81884765625,-0.42413330078125,4.085
719,159,13,-16959,-6773,-191,1235,-1230,-393,2064,766,-0.19573974609375,0.33349609375,0.818359375,-0.4248046875,4.085
720,159,-102,-17145,-6260,-102,2151,-191,-393,2064,806,-0.19720458984375,0.3338623046875,0.81744384765625,-0.425537109375,4.085
721,159,-1445,-16460,-5915,105,3376,805,-393,2064,806,-0.19873046875,0.3353271484375,0.8160400390625,-0.4263916015625,4.085
722,159,-2913,-16141,-5821,244,4417,1475,-393,2025,845,-0.20025634765625,0.3375244140625,0.8143310546875,-0.42718505859375,4.081
723,159,-3666,-15694,-5854,-152,5062,1983,-393,2025,845,-0.20172119140625,0.34033203125,0.81256103515625,-0.4276123046875,4.081
724,159,-4539,-15481,-6526,-174,5195,2218,-393,2064,727,-0.20294189453125,0.34344482421875,0.810791015625,-0.4278564453125,4.081
725,159,-4518,-16012,-7419,-308,4613,2360,-393,2064,727,-0.20379638671875,0.34649658203125,0.8092041015625,-0.4281005859375,4.081
726,159,-4798,-16227,-8153,-241,3515,2346,-314,2064,845,-0.20404052734375,0.3492431640625,0.80780029296875,-0.42840576171875,4.081
727,159,-5336,-15483,-9493,55,2034,2233,-314,2064,845,-0.2034912109375,0.3515625,0.80670166015625,-0.42889404296875,4.081
728,159,-5803,-15187,-10587,96,219,2020,-393,2025,688,-0.2020263671875,0.353271484375,0.80596923828125,-0.4295654296875,4.081
729,159,-6297,-14947,-12179,584,-1652,1699,-393,2025,688,-0.19970703125,0.354248046875,0.8055419921875,-0.4306640625,4.081
730,159,-6969,-13342,-14233,1511,-3538,1316,-432,2025,727,-0.19671630859375,0.3543701171875,0.80535888671875,-0.4322509765625,4.081
731,159,-6866,-11623,-15075,2270,-5581,960,-432,2025,727,-0.1929931640625,0.35357666015625,0.805419921875,-0.43450927734375,4.081
732,159,-4120,-12110,-14365,1914,-8602,737,-235,2025,688,-0.1878662109375,0.35186767578125,0.80596923828125,-0.43719482421875,4.081
733,159,746,-14055,-14472,1941,-11331,412,-235,2025,688,-0.18206787109375,0.3487548828125,0.80694580078125,-0.44024658203125,4.081
734,159,4165,-15753,-15342,3761,-11993,816,-314,2025,688,-0.17669677734375,0.34521484375,0.80743408203125,-0.44427490234375,4.081
735,159,5607,-14904,-15475,6334,-12149,1139,-314,2025,688,-0.17193603515625,0.3414306640625,0.80718994140625,-0.4495849609375,4.081
736,159,6859,-13679,-14334,8501,-11534,1245,-353,2143,688,-0.1680908203125,0.33746337890625,0.80615234375,-0.45574951171875,4.081
737,159,7815,-13093,-12787,9956,-10299,1656,-353,2143,688,-0.165283203125,0.33380126953125,0.804443359375,-0.46246337890625,4.081
738,159,7730,-12640,-10868,11058,-8800,2003,-353,2103,609,-0.16357421875,0.3304443359375,0.80206298828125,-0.469482421875,4.081
739,159,6795,-12328,-8957,11526,-6959,2325,-353,2103,609,-0.16290283203125,0.3277587890625,0.79913330078125,-0.47650146484375,4.081
740,159,5746,-11973,-7663,11719,-5274,3028,-275,2064,530,-0.1629638671875,0.3258056640625,0.79571533203125,-0.48345947265625,4.081
741,159,4043,-12061,-7066,11232,-3774,3902,-275,2064,530,-0.16326904296875,0.32489013671875,0.79205322265625,-0.49005126953125,4.081
742,159,2317,-12934,-7771,10752,-3148,4571,-275,2064,530,-0.1630859375,0.32476806640625,0.7882080078125,-0.496337890625,4.081
743,159,961,-14308,-8273,10284,-3125,4788,-275,2064,530,-0.1624755859375,0.32501220703125,0.78436279296875,-0.50250244140625,4.081
744,159,-53,-15791,-8841,9994,-3211,4727,-235,2025,412,-0.16156005859375,0.32525634765625,0.780517578125,-0.508544921875,4.081
745,159,-796,-16739,-9159,10131,-3661,4332,-235,2025,412,-0.16046142578125,0.32525634765625,0.7767333984375,-0.51470947265625,4.081
746,159,-1515,-16987,-8657,10211,-4240,3739,-235,2103,452,-0.1591796875,0.32470703125,0.77301025390625,-0.52099609375,4.081
747,159,-1418,-16919,-8085,10043,-4562,2634,-235,2103,452,-0.15814208984375,0.323486328125,0.76959228515625,-0.52716064453125,4.081
748,159,-1189,-16304,-7708,9835,-4919,1346,-196,2064,334,-0.1573486328125,0.32147216796875,0.76641845703125,-0.53314208984375,4.081
749,159,-275,-15480,-7163,9572,-4972,-208,-196,2064,334,-0.15716552734375,0.318603515625,0.7637939453125,-0.5386962890625,4.081
750,159,-2538,-14867,-7041,9086,-5838,-367,-157,2103,255,-0.156005859375,0.31573486328125,0.76123046875,-0.5443115234375,4.081
751,159,-2502,-14614,-6827,8282,-7150,-1381,-157,2103,255,-0.15435791015625,0.31201171875,0.75927734375,-0.549560546875,4.081
752,159,-2074,-14642,-5647,7162,-7280,-1582,-157,2064,294,-0.15264892578125,0.30804443359375,0.75775146484375,-0.554443359375,4.081
753,159,-2513,-15284,-5495,6588,-7384,-1429,-157,2064,294,-0.15069580078125,0.30419921875,0.75628662109375,-0.55908203125,4.081
754,159,-2182,-15590,-5919,5924,-7746,-1378,-196,2103,255,-0.1484375,0.30029296875,0.755126953125,-0.5633544921875,4.081
755,159,-2798,-16672,-6827,5397,-8643,-1435,-196,2103,255,-0.14556884765625,0.296142578125,0.7542724609375,-0.5673828125,4.081
756,159,-2533,-17089,-7149,5319,-9752,-1868,-196,2064,216,-0.142333984375,0.29132080078125,0.753662109375,-0.57147216796875,4.081
757,159,-1464,-16516,-6680,5171,-10960,-1828,-196,2064,216,-0.13873291015625,0.28594970703125,0.75323486328125,-0.57568359375,4.081
758,159,-758,-15599,-6106,5425,-10737,-1694,-157,2103,216,-0.13531494140625,0.28057861328125,0.75262451171875,-0.57989501953125,4.081
759,159,-577,-15860,-5942,4456,-11006,-1902,-157,2103,216,-0.1317138671875,0.27508544921875,0.75238037109375,-0.58367919921875,4.081
760,159,-322,-16002,-5421,4330,-11087,-2060,-196,1985,176,-0.12823486328125,0.269287109375,0.75213623046875,-0.58740234375,4.081
761,159,-78,-16243,-4907,4262,-10957,-1906,-196,1985,176,-0.12481689453125,0.26361083984375,0.7518310546875,-0.59112548828125,4.081
762,159,-45,-16003,-4885,4100,-10643,-1565,-196,2064,98,-0.12139892578125,0.2581787109375,0.75146484375,-0.59466552734375,4.081
763,159,388,-15700,-5010,4038,-10389,-1334,-196,2064,98,-0.11810302734375,0.2529296875,0.7510986328125,-0.59808349609375,4.081
764,159,588,-15240,-4509,4129,-10137,-1350,-196,1946,137,-0.114990234375,0.2476806640625,0.7506103515625,-0.60150146484375,4.081
765,159,1121,-14715,-3727,4230,-9713,-1243,-196,1946,137,-0.11224365234375,0.242431640625,0.75,-0.60491943359375,4.081
766,159,1948,-13012,-2637,4057,-7791,-378,-314,1985,58,-0.1103515625,0.23809814453125,0.74908447265625,-0.60809326171875,4.081
767,159,618,-13368,-2995,4390,-7896,-1499,-314,1985,58,-0.1085205078125,0.23345947265625,0.7481689453125,-0.611328125,4.081
768,159,-3,-12514,-3043,4755,-7557,-1589,-275,2064,58,-0.10675048828125,0.22906494140625,0.74713134765625,-0.6146240234375,4.081
769,159,-99,-12601,-3532,4247,-7574,-1480,-275,2064,58,-0.104736328125,0.22479248046875,0.74627685546875,-0.61749267578125,4.081
770,159,675,-11310,-2487,3531,-6895,-1434,-235,1985,19,-0.10321044921875,0.22064208984375,0.74560546875,-0.62005615234375,4.081
771,159,1120,-10224,-1840,2132,-5459,-1220,-235,1985,19,-0.10235595703125,0.21697998046875,0.74530029296875,-0.62188720703125,4.081
772,159,885,-9957,-1441,712,-3622,-1213,-275,2064,19,-0.1021728515625,0.21417236328125,0.74530029296875,-0.62286376953125,4.081
773,159,239,-10835,-1641,-466,-2090,-1222,-275,2064,19,-0.102294921875,0.2122802734375,0.74566650390625,-0.623046875,4.081
774,159,-434,-11568,-1571,-1382,-1015,-1132,-393,1946,19,-0.1025390625,0.2110595703125,0.74627685546875,-0.62274169921875,4.081
775,159,-978,-11798,-1513,-2284,-233,-1041,-393,1946,19,-0.10272216796875,0.21044921875,0.7470703125,-0.62200927734375,4.081
776,159,-1620,-12113,-1761,-2892,612,-1114,-275,1985,58,-0.10302734375,0.21038818359375,0.74798583984375,-0.62078857421875,4.081
777,159,-2128,-12119,-1788,-3462,1170,-1358,-275,1985,58,-0.1033935546875,0.210693359375,0.7491455078125,-0.6192626953125,4.081
778,159,-2517,-11990,-1391,-4234,1361,-1647,-353,1985,58,-0.10369873046875,0.21099853515625,0.75048828125,-0.61749267578125,4.081
779,159,-2815,-11985,-2031,-4778,1540,-2015,-353,1985,58,-0.10406494140625,0.21136474609375,0.752197265625,-0.61517333984375,4.081
780,159,-3092,-11981,-2957,-4823,1503,-2491,-353,2025,98,-0.10455322265625,0.21160888671875,0.7542724609375,-0.612548828125,4.081
781,159,-3116,-11936,-2088,-5263,931,-3104,-353,2025,98,-0.10491943359375,0.2113037109375,0.75628662109375,-0.61004638671875,4.081
782,159,-2631,-12658,-106,-6658,241,-3549,-353,2025,-19,-0.10516357421875,0.2103271484375,0.75830078125,-0.6077880859375,4.081
783,159,-1970,-13607,1373,-8247,-384,-3898,-353,2025,-19,-0.10540771484375,0.208740234375,0.760986328125,-0.60491943359375,4.081
784,159,-1431,-15009,2043,-9615,-1000,-4450,-432,2064,98,-0.1055908203125,0.20654296875,0.7642822265625,-0.6014404296875,4.081
785,159,-1156,-16745,793,-9750,-1009,-4674,-432,2064,98,-0.10595703125,0.2041015625,0.7677001953125,-0.59783935546875,4.081
786,159,-2008,-18331,-1473,-8357,-909,-4498,-432,1985,216,-0.106201171875,0.20196533203125,0.77081298828125,-0.59454345703125,4.081
787,159,-3031,-19569,-4462,-6264,-902,-3825,-432,1985,216,-0.1060791015625,0.20037841796875,0.7735595703125,-0.59161376953125,4.081
788,159,-3641,-19909,-6256,-4544,-1001,-2560,-471,2025,255,-0.1055908203125,0.1993408203125,0.77569580078125,-0.58929443359375,4.081
789,159,-2436,-19666,-6507,-3576,-969,-1209,-471,2025,255,-0.10491943359375,0.19879150390625,0.77728271484375,-0.58746337890625,4.081
790,159,-777,-18790,-6543,-3442,-1044,-206,-550,1985,334,-0.10406494140625,0.19842529296875,0.77886962890625,-0.58563232421875,4.081
791,159,810,-18276,-6990,-3609,-1211,285,-550,1985,334,-0.10321044921875,0.1981201171875,0.78057861328125,-0.5836181640625,4.081
792,159,1401,-18357,-7070,-3483,-1376,208,-471,1985,294,-0.10247802734375,0.1976318359375,0.78216552734375,-0.58172607421875,4.081
793,159,447,-19088,-6658,-2948,-1345,102,-471,1985,294,-0.1016845703125,0.19720458984375,0.78350830078125,-0.58026123046875,4.081
794,159,-987,-19910,-5334,-1921,-1440,491,-471,1985,334,-0.10064697265625,0.1968994140625,0.78411865234375,-0.5797119140625,4.081
795,159,-2145,-19497,-3353,-1584,-1450,1191,-471,1985,334,-0.0992431640625,0.197021484375,0.78411865234375,-0.57989501953125,4.081
796,159,-3156,-19326,-1632,-1850,-1778,1906,-511,1985,294,-0.09710693359375,0.197509765625,0.78375244140625,-0.58056640625,4.081
797,159,-3935,-20543,-732,-1757,-2132,2486,-511,1985,294,-0.09454345703125,0.19818115234375,0.78314208984375,-0.58148193359375,4.081
798,159,-4991,-22028,-1017,-698,-2087,3257,-393,1907,334,-0.0916748046875,0.19927978515625,0.7821044921875,-0.5830078125,4.081
799,159,-5319,-22526,-1577,1018,-1135,4296,-393,1907,334,-0.08905029296875,0.20123291015625,0.78033447265625,-0.58514404296875,4.081
800,159,-4977,-21749,-2430,2427,-41,5262,-471,1946,334,-0.08685302734375,0.20391845703125,0.77801513671875,-0.587646484375,4.081
801,159,-4414,-19112,-2899,3619,894,5481,-471,1946,334,-0.085205078125,0.20703125,0.7752685546875,-0.59039306640625,4.081
802,159,-3361,-15125,-3907,4197,1098,4397,-432,2064,412,-0.084228515625,0.20965576171875,0.77294921875,-0.59271240234375,4.081
803,159,-1711,-11992,-3447,3450,447,2583,-432,2064,412,-0.0838623046875,0.2109375,0.77130126953125,-0.594482421875,4.081
804,159,-895,-10736,-2294,1016,-361,379,-432,2025,373,-0.0838623046875,0.210693359375,0.770751953125,-0.59521484375,4.081
805,159,-444,-11870,-4036,-1999,-800,-1513,-432,2025,373,-0.08404541015625,0.20953369140625,0.77203369140625,-0.593994140625,4.081
806,159,167,-13640,-6326,-5148,-970,-3057,-511,2025,334,-0.0843505859375,0.20770263671875,0.77490234375,-0.59088134765625,4.081
807,159,1220,-16774,-8080,-8026,-1450,-4573,-511,2025,334,-0.08465576171875,0.20501708984375,0.779052734375,-0.58624267578125,4.081
808,159,2962,-20509,-8870,-8529,-1520,-5569,-432,2025,294,-0.0855712890625,0.20166015625,0.783447265625,-0.5814208984375,4.081
809,159,4070,-23920,-9818,-7194,-1623,-6264,-432,2025,294,-0.0869140625,0.19775390625,0.787353515625,-0.5772705078125,4.081
810,159,4097,-25621,-11477,-2849,-1826,-6101,-432,1985,412,-0.08856201171875,0.1937255859375,0.78961181640625,-0.57525634765625,4.081
811,159,5013,-22012,-10735,1740,-274,-4219,-432,1985,412,-0.09100341796875,0.19085693359375,0.7899169921875,-0.575439453125,4.081
812,159,4455,-16630,-8769,2417,1034,-2797,-511,1985,373,-0.09356689453125,0.189208984375,0.78973388671875,-0.5758056640625,4.081
813,159,4154,-13975,-8629,3480,2879,-1321,-511,1985,373,-0.09661865234375,0.18896484375,0.78900146484375,-0.576416015625,4.081
814,159,2645,-11545,-6902,4459,4298,-194,-511,1985,452,-0.0999755859375,0.1898193359375,0.78759765625,-0.57745361328125,4.081
815,159,825,-9763,-7007,5023,5248,523,-511,1985,452,-0.10321044921875,0.19158935546875,0.78582763671875,-0.57867431640625,4.081
816,159,-486,-7618,-7445,4641,5172,443,-550,1985,412,-0.1060791015625,0.193603515625,0.7843017578125,-0.57952880859375,4.081
817,159,-1027,-5713,-7409,2338,4207,-867,-550,1985,412,-0.1085205078125,0.19482421875,0.783935546875,-0.57916259765625,4.081
818,159,380,-5371,-8356,-734,2900,-2925,-511,1985,412,-0.11090087890625,0.194580078125,0.78515625,-0.57720947265625,4.081
819,159,1332,-8242,-9955,-3476,352,-5109,-511,1985,412,-0.11260986328125,0.1923828125,0.78778076171875,-0.57403564453125,4.081
820,159,2013,-12441,-10240,-5228,-2324,-6417,-471,1985,412,-0.11334228515625,0.18853759765625,0.791259765625,-0.57037353515625,4.081
821,159,2716,-14680,-9716,-5943,-2759,-5397,-471,1985,412,-0.113525390625,0.18499755859375,0.7947998046875,-0.5665283203125,4.081
822,159,2774,-15507,-9349,-5874,-1834,-3329,-589,1907,452,-0.11346435546875,0.18280029296875,0.7979736328125,-0.5628662109375,4.081
823,159,3363,-15393,-9398,-5670,320,-299,-589,1907,452,-0.11346435546875,0.182861328125,0.80047607421875,-0.5592041015625,4.081
824,159,3430,-15030,-10206,-5378,2417,2909,-589,1789,491,-0.1134033203125,0.18536376953125,0.80242919921875,-0.5556640625,4.081
825,159,3778,-14407,-9496,-5343,4166,5698,-589,1789,491,-0.11334228515625,0.18988037109375,0.8038330078125,-0.55206298828125,4.081
826,159,3051,-14203,-9228,-5656,5474,7391,-668,1946,491,-0.11328125,0.19580078125,0.80499267578125,-0.54833984375,4.081
827,159,1818,-13660,-9668,-5526,6630,8355,-668,1946,491,-0.11328125,0.20269775390625,0.80584716796875,-0.54449462890625,4.081
828,159,1087,-14009,-9257,-5089,7045,8688,-550,1946,452,-0.11334228515625,0.21002197265625,0.80633544921875,-0.54095458984375,4.081
829,159,156,-14170,-9097,-4258,7439,8505,-550,1946,452,-0.11370849609375,0.21734619140625,0.80645751953125,-0.537841796875,4.081
830,159,-786,-13537,-8782,-3360,8008,8181,-511,1946,491,-0.11444091796875,0.2247314453125,0.80621337890625,-0.5350341796875,4.081
831,159,-1856,-12714,-8552,-2684,8010,7593,-511,1946,491,-0.11529541015625,0.2318115234375,0.80572509765625,-0.5325927734375,4.081
832,159,-2223,-12248,-8025,-2190,7594,6305,-393,2025,530,-0.11639404296875,0.2381591796875,0.80517578125,-0.53033447265625,4.081
833,159,-2566,-12088,-7350,-1702,7027,4833,-393,2025,530,-0.11767578125,0.2435302734375,0.80462646484375,-0.5284423828125,4.081
834,159,-2606,-11888,-7132,-1260,6720,3829,-393,1985,491,-0.11920166015625,0.24822998046875,0.80401611328125,-0.52679443359375,4.081
835,159,-3045,-11512,-6740,-1347,6297,3123,-393,1985,491,-0.12054443359375,0.25250244140625,0.8035888671875,-0.525146484375,4.081
836,159,-3502,-11339,-6303,-2180,5634,2448,-393,1946,491,-0.12158203125,0.25628662109375,0.803466796875,-0.52325439453125,4.081
837,159,-3761,-11781,-6357,-2929,4928,2209,-393,1946,491,-0.1221923828125,0.25982666015625,0.80364990234375,-0.52105712890625,4.081
838,159,-4063,-12472,-6578,-3857,4177,2101,-471,2025,530,-0.12225341796875,0.2630615234375,0.80419921875,-0.5185546875,4.081
839,159,-3971,-13911,-6660,-4640,3087,1724,-471,2025,530,-0.121826171875,0.2657470703125,0.8050537109375,-0.51593017578125,4.081
840,159,-3829,-15676,-7256,-4984,1889,1024,-393,1946,570,-0.12109375,0.267578125,0.8062744140625,-0.5133056640625,4.081
841,159,-3385,-16374,-7263,-4662,595,106,-393,1946,570,-0.12017822265625,0.2684326171875,0.80755615234375,-0.51104736328125,4.081
842,159,-2787,-15805,-8663,-3290,505,52,-432,2064,609,-0.1195068359375,0.26904296875,0.80865478515625,-0.5091552734375,4.081
843,159,-2605,-15096,-7250,-2900,400,6,-432,2064,609,-0.11895751953125,0.26953125,0.8094482421875,-0.50775146484375,4.081
844,159,-2124,-14873,-7578,-2467,416,59,-393,1985,609,-0.1185302734375,0.27001953125,0.8101806640625,-0.50640869140625,4.081
845,159,-1538,-14737,-7161,-2499,228,-3,-393,1985,609,-0.11822509765625,0.270263671875,0.8109130859375,-0.50518798828125,4.081
846,159,-1369,-14383,-7034,-2168,257,-193,-432,1946,609,-0.1180419921875,0.2703857421875,0.81158447265625,-0.50408935546875,4.081
847,159,-1107,-13562,-7037,-2273,243,-290,-432,1946,609,-0.117919921875,0.27044677734375,0.8123779296875,-0.5028076171875,4.081
848,159,-685,-13161,-6736,-2379,342,-485,-432,1946,609,-0.11798095703125,0.2703857421875,0.813232421875,-0.50146484375,4.081
849,159,-382,-13310,-6973,-2848,358,-788,-432,1946,609,-0.1181640625,0.27020263671875,0.81427001953125,-0.49981689453125,4.081
850,159,617,-14011,-7224,-3193,634,-1034,-353,1946,688,-0.11871337890625,0.269775390625,0.8155517578125,-0.49786376953125,4.081
851,159,1194,-14349,-7430,-3116,1018,-1344,-353,1946,688,-0.1197509765625,0.26934814453125,0.8167724609375,-0.495849609375,4.081
852,159,1585,-14774,-7251,-2961,1577,-1764,-432,2025,688,-0.121337890625,0.2686767578125,0.81793212890625,-0.49383544921875,4.081
853,159,1365,-15053,-7526,-2528,1961,-2117,-432,2025,688,-0.12322998046875,0.26806640625,0.8189697265625,-0.49200439453125,4.081
854,159,795,-14901,-7626,-1821,2188,-2181,-471,1946,727,-0.125244140625,0.2674560546875,0.81982421875,-0.49041748046875,4.081
855,159,-64,-15077,-6832,-1325,2471,-2076,-471,1946,727,-0.12725830078125,0.2669677734375,0.82025146484375,-0.48931884765625,4.081
856,159,-1099,-15005,-6765,-776,2898,-1658,-432,1907,648,-0.1292724609375,0.26702880859375,0.8203125,-0.48870849609375,4.081
857,159,-1951,-14931,-6802,-593,2997,-1418,-432,1907,648,-0.1309814453125,0.267333984375,0.82025146484375,-0.4881591796875,4.081
858,159,-2759,-14507,-7169,-369,3130,-1186,-432,1907,648,-0.13250732421875,0.26800537109375,0.82012939453125,-0.4876708984375,4.081
859,159,-3428,-13952,-7095,-371,2967,-1020,-432,1907,648,-0.13372802734375,0.26873779296875,0.8199462890625,-0.48724365234375,4.081
860,159,-3493,-13963,-7621,-586,2773,-934,-471,1946,727,-0.134765625,0.26953125,0.8199462890625,-0.48651123046875,4.081
861,159,-3580,-13940,-7497,-859,2370,-1035,-471,1946,727,-0.135498046875,0.2701416015625,0.820068359375,-0.48577880859375,4.081
862,159,-3257,-14157,-7757,-1181,1919,-1234,-511,1907,609,-0.1361083984375,0.2705078125,0.8203125,-0.48492431640625,4.081
863,159,-2712,-14319,-7788,-1429,1450,-1276,-511,1907,609,-0.1365966796875,0.27069091796875,0.82073974609375,-0.4840087890625,4.081
864,159,-2337,-14287,-7875,-1613,1100,-1326,-550,1985,688,-0.13690185546875,0.2706298828125,0.82135009765625,-0.48297119140625,4.081
865,159,-1860,-14493,-7898,-1618,719,-1447,-550,1985,688,-0.13720703125,0.2703857421875,0.82196044921875,-0.48193359375,4.081
866,159,-1616,-14513,-8294,-1270,433,-1395,-550,1907,727,-0.13739013671875,0.26995849609375,0.82257080078125,-0.4810791015625,4.081
867,159,-1717,-14416,-8621,-1019,184,-1420,-550,1907,727,-0.13751220703125,0.26947021484375,0.82318115234375,-0.48028564453125,4.081
868,159,-1612,-14256,-8719,-723,-42,-1409,-471,1907,727,-0.1375732421875,0.26885986328125,0.82366943359375,-0.479736328125,4.081
869,159,-1370,-13816,-8397,-532,-240,-1332,-471,1907,727,-0.13751220703125,0.26824951171875,0.8240966796875,-0.47930908203125,4.081
870,159,-918,-13275,-8141,-525,-541,-1339,-471,1907,688,-0.137451171875,0.26751708984375,0.8245849609375,-0.47894287109375,4.081
871,159,-628,-13118,-7714,-811,-819,-1374,-471,1907,688,-0.13720703125,0.2666015625,0.8251953125,-0.478515625,4.081
872,159,73,-13528,-7577,-958,-809,-1307,-471,1985,648,-0.13720703125,0.26568603515625,0.82568359375,-0.4781494140625,4.081
873,159,526,-13925,-7419,-1196,-630,-1144,-471,1985,648,-0.13726806640625,0.26483154296875,0.82623291015625,-0.47760009765625,4.081
874,159,1168,-14473,-7425,-1364,-87,-827,-550,1907,766,-0.1376953125,0.26422119140625,0.82684326171875,-0.47686767578125,4.081
875,159,1601,-15330,-7467,-1463,635,-500,-550,1907,766,-0.1385498046875,0.263916015625,0.8272705078125,-0.47601318359375,4.081
876,159,1584,-15844,-7395,-1450,1454,-59,-511,1867,766,-0.13970947265625,0.2640380859375,0.8275146484375,-0.47515869140625,4.081
877,159,1241,-16026,-7164,-1244,2346,469,-511,1867,766,-0.14111328125,0.2647705078125,0.82745361328125,-0.47442626953125,4.081
878,159,453,-15355,-6891,-794,3277,1226,-550,1907,688,-0.1427001953125,0.26629638671875,0.82696533203125,-0.4739990234375,4.081
879,159,-521,-14244,-6790,-547,4213,1925,-550,1907,688,-0.14434814453125,0.26861572265625,0.826171875,-0.4735107421875,4.081
880,159,-1761,-13751,-6740,-707,4741,2377,-589,1946,845,-0.14569091796875,0.271484375,0.82537841796875,-0.47283935546875,4.081
881,159,-3047,-13527,-6862,-850,5136,2520,-589,1946,845,-0.14691162109375,0.27471923828125,0.8245849609375,-0.4720458984375,4.081
882,159,-3653,-13722,-6955,-1006,5175,2430,-589,1946,806,-0.14794921875,0.278076171875,0.82373046875,-0.47119140625,4.081
883,159,-3918,-13497,-6859,-1045,4935,2244,-589,1946,806,-0.14892578125,0.28125,0.82293701171875,-0.4703369140625,4.081
884,159,-4076,-13710,-6908,-745,4788,1887,-550,1985,806,-0.14990234375,0.2841796875,0.8221435546875,-0.4697265625,4.081
885,159,-4219,-13513,-6952,-374,4782,1742,-550,1985,806,-0.1510009765625,0.2869873046875,0.82122802734375,-0.46923828125,4.081
886,159,-4235,-13405,-6877,-227,4596,1622,-589,1867,806,-0.1519775390625,0.2896728515625,0.82037353515625,-0.46881103515625,4.081
887,159,-4415,-13854,-6980,-82,4217,1559,-589,1867,806,-0.15289306640625,0.29217529296875,0.8194580078125,-0.46856689453125,4.081
888,159,-4429,-14329,-6965,-112,3637,1549,-471,1946,766,-0.1534423828125,0.29449462890625,0.81854248046875,-0.468505859375,4.081
889,159,-4410,-14636,-6999,-153,3058,1675,-471,1946,766,-0.1536865234375,0.2967529296875,0.817626953125,-0.4686279296875,4.081
890,159,-4416,-15059,-7681,-167,2258,1859,-471,1946,766,-0.15350341796875,0.298828125,0.81683349609375,-0.46875,4.081
891,159,-3587,-15705,-7875,-199,1122,2063,-471,1946,766,-0.15283203125,0.300537109375,0.816162109375,-0.46905517578125,4.081
892,159,-2763,-16679,-8091,-125,69,2221,-511,1946,806,-0.15185546875,0.3018798828125,0.8155517578125,-0.46954345703125,4.081
893,159,-2603,-17177,-9054,83,-661,2256,-511,1946,806,-0.1505126953125,0.302978515625,0.8150634765625,-0.47015380859375,4.081
894,159,-3081,-17415,-9885,424,-1314,2261,-589,2025,727,-0.1488037109375,0.30389404296875,0.8145751953125,-0.47100830078125,4.081
895,159,-3636,-17608,-11267,780,-2183,2142,-589,2025,727,-0.14666748046875,0.304443359375,0.81414794921875,-0.47198486328125,4.081
896,159,-3840,-17256,-12057,1437,-3368,1844,-511,1985,766,-0.1441650390625,0.30450439453125,0.813720703125,-0.47344970703125,4.081
897,159,-3201,-16545,-11680,2254,-4535,1461,-511,1985,766,-0.141357421875,0.30389404296875,0.81329345703125,-0.47540283203125,4.081
898,159,-1775,-16392,-11486,2905,-5531,1180,-589,1867,806,-0.13848876953125,0.30255126953125,0.81292724609375,-0.477783203125,4.081
899,159,-483,-16268,-11222,3786,-5905,979,-589,1867,806,-0.1358642578125,0.30084228515625,0.81231689453125,-0.4805908203125,4.081
900,159,-501,-14985,-10688,4720,-5700,939,-471,1907,766,-0.133544921875,0.299072265625,0.8114013671875,-0.48382568359375,4.081
901,159,76,-14385,-10151,5584,-5400,980,-471,1907,766,-0.131591796875,0.29736328125,0.81024169921875,-0.4874267578125,4.081
