ProgrNum,PacketType,AccX,AccY,AccZ,GyrX,GyrY,GyrZ,MagX,MagY,MagZ,Q0,Q1,Q2,Q3,Vbat
0,159,-648,16101,1312,214,-800,186,-570,1749,-176,0.1925048828125,0.20361328125,-0.64642333984375,-0.70953369140625,4.1
1,159,-859,16047,1287,236,-1238,174,-570,1749,-176,0.194580078125,0.21435546875,-0.64349365234375,-0.70849609375,4.1
2,159,-1119,15877,1425,309,-1775,26,216,-2221,-1002,0.52276611328125,0.5103759765625,-0.44140625,-0.52081298828125,4.1
3,159,-874,15764,1478,338,-2126,-179,216,-2221,-1002,0.53863525390625,0.51531982421875,-0.433349609375,-0.50640869140625,4.1
4,159,-399,15695,1758,366,-2110,-411,255,-2221,-1081,0.57958984375,0.52874755859375,-0.40582275390625,-0.46868896484375,4.1
5,159,-271,15594,2055,401,-1372,-738,255,-2221,-1081,0.59454345703125,0.52825927734375,-0.3944091796875,-0.460205078125,4.1
6,159,-393,15674,2341,405,-414,-1113,255,-2260,-1002,0.6025390625,0.52899169921875,-0.3824462890625,-0.45904541015625,4.1
91,159,4205,32767,4341,-18517,15176,10656,766,-2221,-412,0.6876220703125,0.6002197265625,-0.304931640625,-0.27142333984375,4.1
92,159,3174,32767,5030,-18551,15246,10227,766,-2221,-530,0.69940185546875,0.593017578125,-0.29827880859375,-0.264404296875,4.1
93,159,837,32767,5614,-18856,14351,9339,766,-2221,-530,0.71063232421875,0.585693359375,-0.29132080078125,-0.25848388671875,4.1
94,159,-2039,32767,4932,-18770,12254,8196,688,-2143,-570,0.7208251953125,0.57830810546875,-0.2847900390625,-0.25396728515625,4.1
95,159,-5502,32742,3972,-19302,7583,6721,688,-2143,-570,0.7298583984375,0.5701904296875,-0.27978515625,-0.25201416015625,4.1
96,159,-3966,32753,2691,-20332,1857,5755,766,-2103,-727,0.7379150390625,0.56085205078125,-0.277099609375,-0.2525634765625,4.1
97,159,137,32767,3930,-21276,-3615,5990,766,-2103,-727,0.74530029296875,0.54998779296875,-0.277099609375,-0.25482177734375,4.1
194,159,-6449,18418,-31417,-448,-218,-7720,-216,-2614,-1002,0.6907958984375,0.43365478515625,-0.46307373046875,-0.34649658203125,4.1
195,159,-32634,24597,3104,1596,21065,-19710,-216,-2614,-1002,0.69158935546875,0.4459228515625,-0.44757080078125,-0.34979248046875,4.1
196,159,-11629,32767,31689,-13937,16978,-32768,-216,-2575,-924,0.693115234375,0.452880859375,-0.42608642578125,-0.36431884765625,4.1
197,159,-29820,32446,-519,-12588,6975,-9995,-216,-2575,-924,0.695556640625,0.4527587890625,-0.41619873046875,-0.37103271484375,4.1
198,159,-16440,32596,-520,7882,-16919,1523,19,-2654,-1002,0.688232421875,0.45306396484375,-0.4254150390625,-0.373779296875,4.1
199,159,28485,-27589,28551,14625,-2287,-2102,19,-2654,-1002,0.68341064453125,0.4588623046875,-0.42938232421875,-0.37115478515625,4.1
200,159,-14704,1209,4543,16169,9351,-3642,19,-2614,-1002,0.68011474609375,0.4697265625,-0.42706298828125,-0.36627197265625,4.1
201,159,17829,32767,-2078,13301,7349,-2945,19,-2614,-1002,0.677001953125,0.4783935546875,-0.42694091796875,-0.36090087890625,4.1
202,159,9347,17013,-3259,12174,11591,-5084,19,-2732,-884,0.67474365234375,0.4881591796875,-0.42401123046875,-0.35546875,4.1
203,159,5853,12160,-4371,5673,6564,-8101,19,-2732,-884,0.67230224609375,0.49493408203125,-0.42071533203125,-0.354736328125,4.1
204,159,6864,17142,96,1863,7577,-10883,98,-2732,-766,0.6708984375,0.50079345703125,-0.41497802734375,-0.35589599609375,4.1
205,159,174,16276,26,434,6448,-10390,98,-2732,-766,0.66937255859375,0.50616455078125,-0.40869140625,-0.35845947265625,4.1
206,159,-4891,15452,2562,189,3059,-7861,98,-2693,-806,0.66766357421875,0.50994873046875,-0.40374755859375,-0.36181640625,4.1
207,159,-5454,14098,4555,1615,-3542,-3932,98,-2693,-806,0.66497802734375,0.51141357421875,-0.40301513671875,-0.36541748046875,4.1
208,159,1715,15593,6301,3965,-5168,-1094,176,-2654,-766,0.6627197265625,0.51177978515625,-0.4044189453125,-0.367431640625,4.1
209,159,2272,16815,2486,5981,-4746,612,176,-2654,-766,0.65936279296875,0.51361083984375,-0.4078369140625,-0.3673095703125,4.1
210,159,3042,16756,1094,5909,-5129,1487,216,-2732,-766,0.65594482421875,0.51507568359375,-0.41204833984375,-0.36663818359375,4.1
211,159,4385,16809,517,4438,-5753,1434,216,-2732,-766,0.6529541015625,0.515625,-0.4163818359375,-0.3663330078125,4.1
212,159,5276,17677,-1136,2084,-6035,366,176,-2693,-727,0.6502685546875,0.51544189453125,-0.42010498046875,-0.3670654296875,4.1
213,159,4870,17183,-844,-185,-6261,-698,176,-2693,-727,0.64801025390625,0.51458740234375,-0.4229736328125,-0.3690185546875,4.1
214,159,3328,17129,-142,-1916,-6662,-2352,216,-2654,-688,0.645751953125,0.513427734375,-0.42474365234375,-0.3724365234375,4.1
215,159,4190,15606,1574,-2701,-7299,-3240,216,-2654,-688,0.64373779296875,0.51177978515625,-0.42633056640625,-0.37652587890625,4.1
216,159,3394,15035,3495,-1966,-6404,-3736,216,-2654,-727,0.64215087890625,0.51031494140625,-0.42669677734375,-0.3807373046875,4.1
217,159,4925,13767,5381,546,-3799,-4027,216,-2654,-727,0.64117431640625,0.509521484375,-0.42669677734375,-0.38323974609375,4.1
218,159,4841,14899,4284,2819,4341,-4108,176,-2732,-727,0.641357421875,0.51220703125,-0.42413330078125,-0.38226318359375,4.1
219,159,2541,14628,3918,5095,9414,-3452,176,-2732,-727,0.64190673828125,0.517333984375,-0.41943359375,-0.37957763671875,4.1
220,159,1477,16353,2199,6596,13017,-2557,255,-2693,-727,0.64227294921875,0.52447509765625,-0.414306640625,-0.37481689453125,4.025
221,159,2190,15336,1613,7186,13446,-1736,255,-2693,-727,0.64276123046875,0.5316162109375,-0.40966796875,-0.36907958984375,4.025
222,159,2012,16384,707,6456,14457,-1023,216,-2654,-688,0.6436767578125,0.53851318359375,-0.40484619140625,-0.36273193359375,4.025
223,159,-942,16675,183,4608,12868,-320,216,-2654,-688,0.6446533203125,0.5443115234375,-0.39996337890625,-0.35760498046875,4.025
224,159,-937,15826,-352,4158,6370,1265,294,-2732,-570,0.64447021484375,0.54803466796875,-0.3983154296875,-0.3541259765625,4.025
225,159,2260,16382,-60,2756,1048,1876,294,-2732,-570,0.64373779296875,0.54949951171875,-0.3992919921875,-0.35211181640625,4.025
226,159,1769,15985,1440,2392,-2239,1788,334,-2732,-609,0.6424560546875,0.54998779296875,-0.401123046875,-0.3516845703125,4.025
227,159,6851,16276,1792,2620,-2561,986,334,-2732,-609,0.64141845703125,0.54986572265625,-0.4039306640625,-0.35040283203125,4.025
228,159,3305,16237,2005,3791,681,-609,334,-2693,-530,0.64019775390625,0.55194091796875,-0.40423583984375,-0.34918212890625,4.025
229,159,5417,16191,3203,5094,2204,-1818,334,-2693,-530,0.6392822265625,0.554443359375,-0.40411376953125,-0.34698486328125,4.025
230,159,2486,15966,2463,6519,5313,-3227,255,-2732,-570,0.63787841796875,0.55908203125,-0.4017333984375,-0.34490966796875,4.025
231,159,1685,16480,1618,6780,5170,-3154,255,-2732,-570,0.63592529296875,0.5640869140625,-0.39947509765625,-0.34283447265625,4.025
232,159,263,16279,-319,6460,5159,-2912,294,-2772,-491,0.63372802734375,0.5693359375,-0.3974609375,-0.34075927734375,4.025
233,159,-3115,16421,-2621,5229,-278,-756,294,-2772,-491,0.6307373046875,0.572509765625,-0.39801025390625,-0.34027099609375,4.025
234,159,529,16521,-1306,3788,-5245,1069,334,-2772,-491,0.62762451171875,0.57330322265625,-0.4012451171875,-0.34088134765625,4.025
235,159,75,16301,-1086,2822,-7563,2286,334,-2772,-491,0.62451171875,0.5728759765625,-0.405517578125,-0.34222412109375,4.025
236,159,946,16739,-1680,1462,-8873,3477,373,-2693,-334,0.621826171875,0.57122802734375,-0.41064453125,-0.34375,4.025
237,159,1186,16452,-429,632,-9386,4400,373,-2693,-334,0.61956787109375,0.56884765625,-0.41595458984375,-0.34539794921875,4.025
238,159,2916,16591,-512,95,-9397,4677,294,-2772,-373,0.6177978515625,0.56585693359375,-0.421630859375,-0.3466796875,4.025
239,159,3181,16338,-640,-584,-9218,4411,294,-2772,-373,0.61614990234375,0.562744140625,-0.42694091796875,-0.34814453125,4.025
240,159,4366,16614,-809,-1442,-9904,3597,255,-2772,-452,0.6146240234375,0.55914306640625,-0.4322509765625,-0.35015869140625,4.025
241,159,5179,16916,-1418,-3005,-9182,2152,255,-2772,-452,0.6134033203125,0.55548095703125,-0.4365234375,-0.352783203125,4.025
242,159,4143,17016,-673,-4307,-8775,411,255,-2732,-412,0.6123046875,0.55194091796875,-0.439453125,-0.3565673828125,4.025
243,159,5677,16678,-1359,-5360,-7919,-1539,255,-2732,-412,0.6114501953125,0.548583984375,-0.44134521484375,-0.36077880859375,4.025
244,159,7772,15065,2139,-4640,-5136,-3664,294,-2693,-452,0.61163330078125,0.54583740234375,-0.441650390625,-0.36419677734375,4.025
245,159,3879,15508,1102,-3666,-1435,-4645,294,-2693,-452,0.611572265625,0.54547119140625,-0.43975830078125,-0.3671875,4.025
246,159,1570,15266,1073,-2698,361,-4361,216,-2772,-530,0.61151123046875,0.5460205078125,-0.4368896484375,-0.36993408203125,4.025
247,159,1393,15358,622,-2403,3127,-3327,216,-2772,-530,0.6121826171875,0.547119140625,-0.43353271484375,-0.37109375,4.025
248,159,1334,16374,-434,-2265,6850,-2563,255,-2772,-530,0.61383056640625,0.54913330078125,-0.42926025390625,-0.370361328125,4.025
249,159,3147,16049,2,-3107,8731,-2233,255,-2772,-530,0.61663818359375,0.5509033203125,-0.4244384765625,-0.36865234375,4.025
250,159,1091,16552,-1023,-3875,9779,-1893,255,-2772,-609,0.61968994140625,0.55279541015625,-0.41888427734375,-0.36700439453125,4.025
251,159,2059,16546,389,-4869,9915,-2538,255,-2772,-609,0.623291015625,0.55419921875,-0.41278076171875,-0.36572265625,4.025
252,159,2877,15243,3123,-4557,9057,-2726,373,-2732,-570,0.62744140625,0.55474853515625,-0.406494140625,-0.36480712890625,4.025
253,159,1105,14840,5538,-1364,6030,-2823,373,-2732,-570,0.629638671875,0.5556640625,-0.401611328125,-0.36492919921875,4.025
254,159,765,15539,4727,2080,3105,-2616,334,-2732,-570,0.62982177734375,0.55743408203125,-0.39862060546875,-0.365234375,4.025
255,159,1014,14674,4640,5706,1577,-1943,334,-2732,-570,0.6285400390625,0.55999755859375,-0.3974609375,-0.3648681640625,4.025
256,159,927,15120,2824,9139,1832,-835,412,-2732,-609,0.62579345703125,0.56427001953125,-0.39764404296875,-0.36279296875,4.025
257,159,-370,15354,3012,11392,2325,382,412,-2732,-609,0.62249755859375,0.5693359375,-0.398193359375,-0.35986328125,4.025
258,159,1822,15922,655,12410,3039,1441,334,-2772,-412,0.618896484375,0.574951171875,-0.40032958984375,-0.35491943359375,4.025
259,159,-747,16685,-1455,11946,2294,2678,334,-2772,-412,0.614990234375,0.5802001953125,-0.40289306640625,-0.35009765625,4.025
260,159,-382,17337,-1350,10738,-1522,4297,412,-2693,-412,0.61090087890625,0.58367919921875,-0.4072265625,-0.34637451171875,4.025
261,159,1591,17607,-2027,9327,-4078,4871,412,-2693,-412,0.60693359375,0.58575439453125,-0.412841796875,-0.3433837890625,4.025
262,159,2135,18436,-2900,6961,-3680,3947,334,-2732,-334,0.60369873046875,0.58709716796875,-0.41748046875,-0.3411865234375,4.025
263,159,3585,17074,-3723,4070,-4041,2658,334,-2732,-334,0.6011962890625,0.5875244140625,-0.42138671875,-0.34002685546875,4.025
264,159,5270,15836,-4367,783,-5261,1634,334,-2850,-294,0.59942626953125,0.5865478515625,-0.4249267578125,-0.34039306640625,4.025
265,159,2375,16528,-3965,-2757,-6860,872,334,-2850,-294,0.59820556640625,0.584228515625,-0.4276123046875,-0.34307861328125,4.025
266,159,3326,16658,-2490,-5370,-7008,-20,373,-2772,-294,0.59796142578125,0.5810546875,-0.42938232421875,-0.3468017578125,4.025
267,159,2339,15772,-887,-6077,-6197,-365,373,-2772,-294,0.59814453125,0.5777587890625,-0.4302978515625,-0.35076904296875,4.025
268,159,4842,15292,-330,-5897,-3402,-1228,334,-2732,-334,0.599365234375,0.57489013671875,-0.4302978515625,-0.35333251953125,4.025
269,159,4319,16112,266,-5331,1594,-2276,334,-2732,-334,0.60150146484375,0.57373046875,-0.42791748046875,-0.3544921875,4.025
270,159,4801,14921,1582,-4338,6382,-3017,294,-2811,-373,0.60504150390625,0.5736083984375,-0.42364501953125,-0.35382080078125,4.025
271,159,1523,16588,1108,-3676,10268,-3675,294,-2811,-373,0.60845947265625,0.57562255859375,-0.4168701171875,-0.352783203125,4.025
272,159,1699,15810,213,-3061,11620,-3600,334,-2772,-412,0.61175537109375,0.57830810546875,-0.4100341796875,-0.35076904296875,4.025
273,159,1058,16823,-385,-3759,12084,-3307,334,-2772,-412,0.615234375,0.580810546875,-0.4029541015625,-0.3486328125,4.025
274,159,462,17800,-921,-4889,11434,-2649,373,-2811,-491,0.61895751953125,0.5826416015625,-0.3961181640625,-0.3468017578125,4.025
275,159,1100,16294,-47,-5442,9489,-2430,373,-2811,-491,0.62261962890625,0.5836181640625,-0.3900146484375,-0.34564208984375,4.025
276,159,2928,16079,829,-5063,7739,-2638,412,-2811,-452,0.6259765625,0.58392333984375,-0.3848876953125,-0.34466552734375,4.025
277,159,3634,15074,2822,-3357,7104,-2846,412,-2811,-452,0.62933349609375,0.5841064453125,-0.38018798828125,-0.343505859375,4.025
278,159,4798,16059,6218,68,10419,-4064,491,-2732,-491,0.63214111328125,0.5863037109375,-0.374267578125,-0.34100341796875,4.025
279,159,1820,17261,4055,3048,11077,-4853,491,-2732,-491,0.63348388671875,0.59051513671875,-0.36767578125,-0.33843994140625,4.025
280,159,5355,15863,2543,5104,12750,-4737,412,-2732,-452,0.63427734375,0.595703125,-0.3624267578125,-0.3333740234375,4.025
281,159,-3463,17236,4592,5283,11386,-4436,412,-2732,-452,0.6341552734375,0.60125732421875,-0.35577392578125,-0.330810546875,4.025
282,159,5212,12824,-1814,3366,14824,-4413,530,-2693,-452,0.6351318359375,0.60699462890625,-0.349609375,-0.3250732421875,4.025
283,159,-9376,18020,-14036,3380,6848,-2759,530,-2693,-452,0.63372802734375,0.61151123046875,-0.3463134765625,-0.3228759765625,4.025
284,159,2929,15049,111,785,1769,-1210,570,-2772,-373,0.63360595703125,0.612548828125,-0.345703125,-0.3218994140625,4.025
285,159,-4367,14765,-8466,-1571,-1739,-562,570,-2772,-373,0.63275146484375,0.6126708984375,-0.3458251953125,-0.32318115234375,4.025
286,159,2076,14811,-840,-3607,-6192,-154,648,-2772,-412,0.6324462890625,0.61029052734375,-0.34783935546875,-0.3260498046875,4.025
287,159,1142,15795,-834,-4473,-5604,-378,648,-2772,-412,0.63250732421875,0.60784912109375,-0.34912109375,-0.32916259765625,4.025
288,159,831,16698,1563,-4717,-3731,-158,570,-2732,-412,0.63360595703125,0.605224609375,-0.3492431640625,-0.33184814453125,4.025
289,159,513,15467,2950,-3051,-2153,472,570,-2732,-412,0.63494873046875,0.60296630859375,-0.3487548828125,-0.33367919921875,4.025
290,159,-1391,16086,2477,-1241,-2525,1575,491,-2732,-452,0.63525390625,0.60162353515625,-0.34906005859375,-0.335205078125,4.025
291,159,-630,15089,1866,106,-4425,2462,491,-2732,-452,0.634765625,0.6002197265625,-0.35107421875,-0.3365478515625,4.025
292,159,-952,16153,1295,1875,-7674,3332,530,-2693,-412,0.6328125,0.59893798828125,-0.35516357421875,-0.3382568359375,4.025
293,159,2076,16664,1466,2719,-10432,3225,530,-2693,-412,0.63018798828125,0.59698486328125,-0.361328125,-0.340087890625,4.025
294,159,2602,17016,-248,2610,-10603,2686,530,-2732,-373,0.6270751953125,0.59539794921875,-0.3675537109375,-0.34197998046875,4.025
295,159,2889,16642,-710,1647,-10268,2256,530,-2732,-373,0.624267578125,0.59356689453125,-0.373291015625,-0.3441162109375,4.025
296,159,1752,17047,-964,346,-9601,1709,491,-2693,-412,0.621826171875,0.591552734375,-0.3780517578125,-0.3466796875,4.025
297,159,1931,16878,-875,-1083,-9516,1308,491,-2693,-412,0.619873046875,0.589111328125,-0.38232421875,-0.3497314453125,4.025
298,159,2823,16638,209,-1947,-8822,1099,452,-2732,-412,0.61865234375,0.586181640625,-0.38604736328125,-0.35272216796875,4.025
299,159,1006,16499,408,-2012,-9205,1184,452,-2732,-412,0.6171875,0.58331298828125,-0.3895263671875,-0.35626220703125,4.025
300,159,394,16043,916,-1614,-10606,1532,412,-2811,-530,0.6153564453125,0.580078125,-0.39349365234375,-0.3603515625,4.025
301,159,731,16361,1510,-1009,-9927,1876,412,-2811,-530,0.61370849609375,0.576904296875,-0.3973388671875,-0.3638916015625,4.025
302,159,1179,16105,1284,-350,-8149,2270,412,-2772,-412,0.6123046875,0.57440185546875,-0.4010009765625,-0.36627197265625,4.025
303,159,2032,16277,913,102,-7157,2483,412,-2772,-412,0.6109619140625,0.572265625,-0.4046630859375,-0.3677978515625,4.025
304,159,3871,17255,-33,-121,-3342,2125,452,-2772,-491,0.61065673828125,0.57098388671875,-0.40716552734375,-0.3675537109375,4.025
305,159,471,15665,251,-321,-2901,2245,452,-2772,-491,0.61016845703125,0.570068359375,-0.40869140625,-0.3680419921875,4.025
306,159,1436,16105,-985,-1130,-3583,2302,412,-2693,-491,0.60980224609375,0.56866455078125,-0.4107666015625,-0.36859130859375,4.025
307,159,1264,16276,30,-1880,-3134,2878,412,-2693,-491,0.61004638671875,0.56683349609375,-0.4124755859375,-0.36907958984375,4.025
308,159,-290,15279,574,-2196,-3452,2860,412,-2772,-491,0.61016845703125,0.56494140625,-0.41375732421875,-0.37030029296875,4.025
309,159,4111,15806,1067,-1931,-2233,3197,412,-2772,-491,0.61138916015625,0.5626220703125,-0.4156494140625,-0.36968994140625,4.025
310,159,2386,15800,1470,-1459,-763,2892,334,-2811,-452,0.61260986328125,0.56103515625,-0.41650390625,-0.369140625,4.025
311,159,1825,16219,884,-758,570,2952,334,-2811,-452,0.6136474609375,0.56036376953125,-0.41693115234375,-0.36798095703125,4.025
312,159,2942,16291,970,-494,319,3047,334,-2772,-491,0.61468505859375,0.5594482421875,-0.4178466796875,-0.36651611328125,4.025
313,159,2872,16014,770,-243,692,2658,334,-2772,-491,0.6156005859375,0.5589599609375,-0.41851806640625,-0.364990234375,4.025
314,159,1688,16295,548,-234,-630,2631,255,-2772,-609,0.615966796875,0.55828857421875,-0.41949462890625,-0.36431884765625,4.025
315,159,1846,16549,629,-422,-1360,2704,255,-2772,-609,0.61627197265625,0.55731201171875,-0.42071533203125,-0.3638916015625,4.025
316,159,2170,16316,468,-560,-1531,2617,294,-2772,-452,0.616455078125,0.55633544921875,-0.42205810546875,-0.36346435546875,4.025
317,159,2985,15650,449,-955,-1813,2607,294,-2772,-452,0.6168212890625,0.5550537109375,-0.423583984375,-0.36309814453125,4.025
318,159,2550,16335,951,-1028,-1181,2883,294,-2732,-491,0.61749267578125,0.55377197265625,-0.4246826171875,-0.362548828125,4.025
319,159,3058,16387,664,-1045,167,2581,294,-2732,-491,0.61846923828125,0.55291748046875,-0.42529296875,-0.36151123046875,4.025
320,159,2555,16295,214,-1147,807,2556,216,-2693,-530,0.6195068359375,0.55224609375,-0.42559814453125,-0.36041259765625,4.025
321,159,3137,16132,672,-1383,610,2431,216,-2693,-530,0.62066650390625,0.55126953125,-0.42596435546875,-0.359375,4.025
322,159,3085,15903,400,-1575,338,2279,216,-2732,-530,0.62176513671875,0.55035400390625,-0.4263916015625,-0.3585205078125,4.025
323,159,3222,15983,996,-1688,440,1960,216,-2732,-530,0.62298583984375,0.54931640625,-0.42645263671875,-0.35784912109375,4.025
324,159,2657,16436,918,-1753,219,1769,176,-2772,-609,0.6240234375,0.54833984375,-0.42645263671875,-0.3575439453125,4.025
325,159,3410,15616,1364,-1648,-344,1739,176,-2772,-609,0.6251220703125,0.54705810546875,-0.42681884765625,-0.357177734375,4.025
326,159,2548,15831,1710,-1142,-654,1722,216,-2732,-570,0.6258544921875,0.5460205078125,-0.427001953125,-0.357177734375,4.025
327,159,2503,16037,1408,-675,-929,1838,216,-2732,-570,0.62628173828125,0.54522705078125,-0.42755126953125,-0.3570556640625,4.025
328,159,2834,16018,1750,-240,-1123,1975,176,-2772,-570,0.62664794921875,0.54437255859375,-0.4283447265625,-0.35675048828125,4.025
329,159,3267,16155,1685,405,-443,2004,176,-2772,-570,0.62701416015625,0.54388427734375,-0.42913818359375,-0.35595703125,4.025
330,159,2270,16725,1365,780,55,2288,176,-2732,-530,0.62713623046875,0.54388427734375,-0.4296875,-0.35498046875,4.025
331,159,1737,18551,190,510,-876,2630,176,-2732,-530,0.62689208984375,0.543701171875,-0.43084716796875,-0.354248046875,4.025
332,159,822,21662,1421,-1711,-3628,2963,176,-2732,-609,0.6268310546875,0.5418701171875,-0.43231201171875,-0.35540771484375,4.025
333,159,-393,23777,574,-4802,-7659,4827,176,-2732,-609,0.626953125,0.53753662109375,-0.43536376953125,-0.3580322265625,4.025
334,159,-3479,28479,-955,-6481,-9721,8531,98,-2772,-609,0.627685546875,0.5311279296875,-0.440185546875,-0.3603515625,4.025
335,159,-13543,27203,1192,-6818,-8247,10038,98,-2772,-609,0.62933349609375,0.5244140625,-0.4443359375,-0.362060546875,4.025
336,159,-12745,27701,3326,-7217,-7709,11984,58,-2693,-688,0.63177490234375,0.51702880859375,-0.44879150390625,-0.36297607421875,4.025
337,159,-17448,30947,55,-5232,1125,10342,58,-2693,-688,0.63555908203125,0.51318359375,-0.44964599609375,-0.36083984375,4.025
338,159,-32768,32302,-22274,3066,3675,2846,-58,-2693,-688,0.63519287109375,0.5157470703125,-0.44940185546875,-0.358154296875,4.025
339,159,-31625,30712,-3897,4020,14903,-4691,-58,-2693,-688,0.63623046875,0.52325439453125,-0.4417724609375,-0.3548583984375,4.025
340,159,-20418,32531,-4760,3758,32644,-10375,-19,-2732,-727,0.640869140625,0.5361328125,-0.42486572265625,-0.34783935546875,4.025
341,159,-26439,32388,-19833,5884,32644,-12260,-19,-2732,-727,0.643798828125,0.55035400390625,-0.407958984375,-0.3404541015625,4.025
342,159,-9001,30530,-32768,6311,31332,-12822,216,-2614,-688,0.645751953125,0.564208984375,-0.39190673828125,-0.332763671875,4.025
343,159,-7978,27813,-32768,8675,11123,-12034,216,-2614,-688,0.6417236328125,0.57427978515625,-0.385009765625,-0.33135986328125,4.025
344,159,-4116,22575,-32683,8316,-14339,-11835,412,-2575,-688,0.6314697265625,0.57861328125,-0.38873291015625,-0.3392333984375,4.025
345,159,-14209,10900,-20475,7285,-32768,-14884,412,-2575,-688,0.6158447265625,0.5792236328125,-0.39794921875,-0.35577392578125,4.025
346,159,-8791,-4014,-7311,4593,-32768,-19945,530,-2457,-648,0.59979248046875,0.57958984375,-0.4041748046875,-0.37506103515625,4.025
347,159,-272,-21644,1640,3794,-32768,-26260,530,-2457,-648,0.583251953125,0.5797119140625,-0.4078369140625,-0.39642333984375,4.025
348,159,2816,-32567,10684,4292,-32768,-32768,530,-2418,-727,0.56451416015625,0.58111572265625,-0.4088134765625,-0.41986083984375,4.025
349,159,17199,-26987,7335,4835,-22762,-32768,530,-2418,-727,0.54791259765625,0.58489990234375,-0.4061279296875,-0.43878173828125,4.025
350,159,32767,-16830,25851,3572,22021,-32768,648,-2260,-688,0.54339599609375,0.60028076171875,-0.386962890625,-0.44085693359375,4.025
351,159,32767,2205,31315,3590,32644,-32768,648,-2260,-688,0.541259765625,0.61810302734375,-0.36376953125,-0.4384765625,4.025
352,159,32767,24509,31232,-3828,32644,-19758,884,-2025,-727,0.54559326171875,0.62969970703125,-0.34356689453125,-0.4329833984375,4.025
353,159,32767,161,-7242,-5178,-2948,-3889,884,-2025,-727,0.54638671875,0.627685546875,-0.342529296875,-0.4356689453125,4.025
354,159,-32443,32577,31918,-12840,7345,-2388,1120,-1946,-688,0.5526123046875,0.62548828125,-0.33441162109375,-0.43731689453125,4.025
355,159,32679,32767,4107,-10993,-32768,17522,1120,-1946,-688,0.5555419921875,0.60772705078125,-0.3509521484375,-0.445556640625,4.025
356,159,32767,2929,3954,6421,15817,-2823,1238,-1867,-648,0.556396484375,0.61480712890625,-0.3466796875,-0.43817138671875,4.025
357,159,-32261,269,10982,12680,-389,5709,1238,-1867,-648,0.552490234375,0.61822509765625,-0.3516845703125,-0.43426513671875,4.025
358,159,17545,1965,12240,7154,13293,2610,1199,-1828,-688,0.5540771484375,0.623291015625,-0.3502197265625,-0.4261474609375,4.025
359,159,-2566,23121,-7504,10220,8923,2096,1199,-1828,-688,0.55181884765625,0.62982177734375,-0.350830078125,-0.41888427734375,4.025
360,159,2492,21396,-355,9410,11819,-355,1120,-1867,-688,0.55126953125,0.6363525390625,-0.34967041015625,-0.41058349609375,4.025
361,159,-2649,15016,-6029,7390,10529,-559,1120,-1867,-688,0.5496826171875,0.642822265625,-0.3477783203125,-0.40435791015625,4.025
362,159,-7655,16141,-5427,3313,7771,1523,1159,-1828,-570,0.54937744140625,0.64666748046875,-0.345947265625,-0.40008544921875,4.025
363,159,-3167,17863,-3315,-194,5898,3133,1159,-1828,-570,0.5509033203125,0.6483154296875,-0.34478759765625,-0.39630126953125,4.025
364,159,-3186,15995,-1477,-1539,5176,4051,1120,-1946,-530,0.55322265625,0.64886474609375,-0.34356689453125,-0.39324951171875,4.025
365,159,-3411,14454,80,-1694,4564,4954,1120,-1946,-530,0.55596923828125,0.648681640625,-0.34228515625,-0.3907470703125,4.025
366,159,-3483,15569,-1333,-1121,3551,6335,1199,-1946,-491,0.5582275390625,0.6485595703125,-0.342529296875,-0.38751220703125,4.025
367,159,-1945,16330,457,-292,2890,6773,1199,-1946,-491,0.56103515625,0.64794921875,-0.34295654296875,-0.38409423828125,4.025
368,159,-2378,15860,-1473,113,1215,6739,1120,-1867,-609,0.56243896484375,0.64752197265625,-0.3447265625,-0.381103515625,4.025
369,159,-1646,17247,-1293,-210,207,6482,1120,-1867,-609,0.56396484375,0.646728515625,-0.3468017578125,-0.37847900390625,4.025
370,159,-1244,16663,-1683,-1047,-158,5832,1120,-1946,-452,0.5654296875,0.64569091796875,-0.34869384765625,-0.37628173828125,4.025
371,159,-1110,17141,-1346,-1016,-2064,5295,1120,-1946,-452,0.56640625,0.644287109375,-0.3509521484375,-0.3751220703125,4.025
372,159,275,17901,-2707,-2009,-3636,4428,1120,-1867,-491,0.567138671875,0.642333984375,-0.353759765625,-0.3746337890625,4.025
373,159,-543,16963,-3131,-3884,-5069,3365,1120,-1867,-491,0.56787109375,0.63970947265625,-0.35601806640625,-0.3758544921875,4.025
374,159,774,17442,-2112,-5209,-6214,2670,1081,-1985,-570,0.569091796875,0.63623046875,-0.3582763671875,-0.37774658203125,4.025
375,159,-335,15760,-584,-5948,-4591,2213,1081,-1985,-570,0.571044921875,0.6329345703125,-0.35894775390625,-0.37969970703125,4.025
376,159,164,15416,3180,-4232,-1412,2069,1042,-1907,-570,0.5740966796875,0.6298828125,-0.3583984375,-0.3807373046875,4.025
377,159,-888,15640,2263,-1211,1541,2583,1042,-1907,-570,0.57647705078125,0.62890625,-0.357177734375,-0.37982177734375,4.025
378,159,-2985,14858,1667,1046,2388,4014,1042,-1907,-648,0.57763671875,0.62908935546875,-0.35662841796875,-0.378173828125,4.025
379,159,-1204,15572,523,2371,3157,5345,1042,-1907,-648,0.57891845703125,0.62994384765625,-0.3570556640625,-0.37451171875,4.025
380,159,-1355,15518,-270,3411,2747,6472,1042,-1828,-609,0.57952880859375,0.631103515625,-0.3585205078125,-0.3702392578125,4.025
381,159,1801,16644,-155,3136,4419,5885,1042,-1828,-609,0.581298828125,0.6322021484375,-0.3599853515625,-0.3641357421875,4.025
382,159,2589,16960,-375,3652,6075,4361,924,-1907,-530,0.58270263671875,0.634033203125,-0.36065673828125,-0.35791015625,4.025
383,159,309,17016,-770,3154,6520,2894,924,-1907,-530,0.5836181640625,0.63653564453125,-0.3597412109375,-0.3529052734375,4.025
384,159,1592,16332,-1515,2734,5801,2511,963,-2064,-570,0.5843505859375,0.638671875,-0.35943603515625,-0.34808349609375,4.025
385,159,-1085,16274,-1465,2458,3921,2681,963,-2064,-570,0.58441162109375,0.64056396484375,-0.35906982421875,-0.344970703125,4.025
386,159,-3775,16778,-2381,1163,2332,3084,1002,-1985,-452,0.5843505859375,0.64166259765625,-0.35894775390625,-0.343017578125,4.025
387,159,-1128,16585,-2179,-173,-1258,4417,1002,-1985,-452,0.58453369140625,0.64111328125,-0.36077880859375,-0.34185791015625,4.025
388,159,-1294,16631,-2317,-1189,-3259,4801,1002,-1946,-530,0.584716796875,0.6396484375,-0.36322021484375,-0.34173583984375,4.025
389,159,143,17031,-1395,-1801,-6860,4984,1002,-1946,-530,0.584716796875,0.636962890625,-0.36700439453125,-0.3427734375,4.025
390,159,1480,17080,-2559,-2943,-8386,4822,1002,-1946,-491,0.58465576171875,0.63348388671875,-0.37158203125,-0.3443603515625,4.025
391,159,783,16729,-1666,-4316,-9355,4356,1002,-1946,-491,0.5848388671875,0.62945556640625,-0.3756103515625,-0.34698486328125,4.025
392,159,-563,16784,-2127,-5458,-12032,4444,924,-1946,-530,0.58453369140625,0.62445068359375,-0.38031005859375,-0.3514404296875,4.025
393,159,-1090,15783,-591,-6212,-13520,4763,924,-1946,-530,0.58441162109375,0.61859130859375,-0.38494873046875,-0.35693359375,4.025
394,159,998,15691,253,-5965,-12748,5015,884,-2025,-570,0.585205078125,0.6124267578125,-0.38958740234375,-0.36114501953125,4.025
395,159,-1195,16340,-6,-5235,-11751,5730,884,-2025,-570,0.5853271484375,0.60693359375,-0.39398193359375,-0.36541748046875,4.025
396,159,987,15641,681,-4671,-10403,6297,845,-2064,-688,0.5865478515625,0.601318359375,-0.3983154296875,-0.36798095703125,4.025
397,159,2875,16464,483,-4082,-7784,6380,845,-2064,-688,0.58837890625,0.59637451171875,-0.40252685546875,-0.36846923828125,4.025
398,159,1662,16235,-168,-3879,-5674,6044,806,-2064,-648,0.58990478515625,0.592529296875,-0.40576171875,-0.36883544921875,4.025
399,159,2233,16463,110,-4136,-4760,5356,806,-2064,-648,0.591796875,0.5888671875,-0.40826416015625,-0.368896484375,4.025
400,159,4637,17155,-235,-4719,-3610,4210,727,-2064,-648,0.59405517578125,0.58514404296875,-0.41046142578125,-0.36865234375,4.025
401,159,1516,16365,-206,-5312,-3718,2765,727,-2064,-648,0.5955810546875,0.5821533203125,-0.41131591796875,-0.37005615234375,4.025
402,159,3792,15630,1681,-5097,-4309,1619,766,-1946,-688,0.597900390625,0.57855224609375,-0.41192626953125,-0.37109375,4.025
403,159,2638,16549,1999,-4210,-3087,1020,766,-1946,-688,0.5999755859375,0.5760498046875,-0.41143798828125,-0.37225341796875,4.025
404,159,1915,15982,1268,-3043,-2589,577,727,-1946,-727,0.60107421875,0.57452392578125,-0.4110107421875,-0.373291015625,4.025
405,159,3288,15553,1913,-2098,-1662,462,727,-1946,-727,0.6026611328125,0.5731201171875,-0.41070556640625,-0.3731689453125,4.025
406,159,2035,16664,119,-1573,-468,365,727,-1985,-766,0.60321044921875,0.57305908203125,-0.4102783203125,-0.37310791015625,4.025
407,159,1926,15829,171,-1689,-996,-163,727,-1985,-766,0.60345458984375,0.5728759765625,-0.40985107421875,-0.3734130859375,4.025
408,159,1796,16499,396,-2277,-876,-409,688,-1985,-766,0.60394287109375,0.57244873046875,-0.4090576171875,-0.37408447265625,4.025
409,159,1439,16370,75,-2721,-1032,-385,688,-1985,-766,0.6043701171875,0.57196044921875,-0.40826416015625,-0.37506103515625,4.025
410,159,140,16185,419,-3061,-1664,-218,688,-2025,-688,0.6046142578125,0.57122802734375,-0.4073486328125,-0.376708984375,4.025
411,159,84,16209,1240,-3023,-1212,596,688,-2025,-688,0.60540771484375,0.57025146484375,-0.40625,-0.37811279296875,4.025
412,159,2175,15593,2852,-2012,-571,1166,570,-1985,-884,0.60748291015625,0.568359375,-0.40557861328125,-0.37823486328125,4.025
413,159,925,15404,2185,50,738,1654,570,-1985,-884,0.60870361328125,0.56805419921875,-0.40478515625,-0.37762451171875,4.025
414,159,1149,15407,3062,1643,1351,2550,766,-1907,-806,0.60992431640625,0.568359375,-0.40411376953125,-0.37591552734375,4.025
415,159,1614,16068,839,2457,1962,3371,766,-1907,-806,0.61041259765625,0.5697021484375,-0.404541015625,-0.37274169921875,4.025
416,159,713,16553,-43,2163,1586,3780,688,-1907,-806,0.61053466796875,0.57080078125,-0.40533447265625,-0.37005615234375,4.025
417,159,1709,16499,-300,1054,-352,3617,688,-1907,-806,0.610595703125,0.5709228515625,-0.4068603515625,-0.3680419921875,4.025
418,159,2566,16990,-644,-480,-1629,3174,766,-2025,-806,0.61077880859375,0.57025146484375,-0.4085693359375,-0.36688232421875,4.025
419,159,2483,16877,82,-1799,-1724,2535,766,-2025,-806,0.6114501953125,0.56915283203125,-0.40948486328125,-0.3663330078125,4.025
420,159,2115,16187,1115,-2035,-2079,2026,609,-1985,-845,0.6124267578125,0.56768798828125,-0.4100341796875,-0.366455078125,4.025
421,159,2326,16627,1658,-2004,-947,1934,609,-1985,-845,0.61395263671875,0.5662841796875,-0.40985107421875,-0.3662109375,4.025
422,159,2402,15967,1988,-975,144,1619,648,-2025,-884,0.61553955078125,0.5655517578125,-0.4093017578125,-0.3653564453125,4.025
423,159,3043,15988,2310,279,875,1147,648,-2025,-884,0.616943359375,0.5654296875,-0.40863037109375,-0.36383056640625,4.025
424,159,3666,16278,1410,827,1665,676,570,-1946,-884,0.617919921875,0.56591796875,-0.4083251953125,-0.36175537109375,4.025
425,159,2558,16670,101,434,1605,10,570,-1946,-884,0.61810302734375,0.56695556640625,-0.40777587890625,-0.36053466796875,4.025
426,159,2754,16641,151,-711,700,-323,688,-1946,-924,0.618408203125,0.5675048828125,-0.40704345703125,-0.35992431640625,4.025
427,159,2205,15671,-37,-1770,241,-315,688,-1946,-924,0.61883544921875,0.567626953125,-0.40625,-0.35992431640625,4.025
428,159,-2159,18446,-1648,-4056,-733,684,609,-1946,-806,0.61944580078125,0.56671142578125,-0.40533447265625,-0.361328125,4.025
429,159,-767,17810,-167,-5597,-3367,2068,609,-1946,-806,0.6204833984375,0.56402587890625,-0.40545654296875,-0.36358642578125,4.025
430,159,3666,14512,2139,-5593,-2292,2611,648,-1946,-884,0.6236572265625,0.560302734375,-0.4056396484375,-0.3636474609375,4.025
431,159,2060,16685,1874,-5434,-818,2185,648,-1946,-884,0.62628173828125,0.5577392578125,-0.40460205078125,-0.3642578125,4.025
432,159,2787,16069,1548,-5621,-1497,2619,609,-1985,-924,0.62890625,0.55474853515625,-0.4044189453125,-0.36456298828125,4.025
433,159,1070,17938,-211,-6460,-2437,2827,609,-1985,-924,0.6307373046875,0.55169677734375,-0.40460205078125,-0.36590576171875,4.025
434,159,2131,20017,-2177,-9890,-5622,2931,530,-1946,-806,0.6328125,0.54638671875,-0.40570068359375,-0.36895751953125,4.025
435,159,-3067,20864,-2436,-14540,-10869,3125,530,-1946,-806,0.63494873046875,0.5380859375,-0.4073486328125,-0.37554931640625,4.025
436,159,-921,20987,-946,-18666,-15738,3568,609,-1946,-1002,0.6373291015625,0.52667236328125,-0.41009521484375,-0.38458251953125,4.025
437,159,-939,20892,1558,-18733,-16266,3986,609,-1946,-1002,0.6396484375,0.514892578125,-0.41259765625,-0.39373779296875,4.025
438,159,-1743,20237,5033,-15145,-13972,5103,491,-1828,-1081,0.64208984375,0.5042724609375,-0.41485595703125,-0.401123046875,4.025
439,159,2313,18348,4021,-9920,-6760,6725,491,-1828,-1081,0.64556884765625,0.4971923828125,-0.41619873046875,-0.403076171875,4.025
440,159,3447,20348,-2783,-4191,1288,7476,373,-1867,-1120,0.64862060546875,0.49456787109375,-0.4173583984375,-0.4002685546875,4.025
441,159,-32768,32292,-24275,5389,2653,2217,373,-1867,-1120,0.6470947265625,0.498291015625,-0.41802978515625,-0.39739990234375,4.025
442,159,-29416,32361,-18540,12439,11488,-1199,334,-1828,-1238,0.644775390625,0.508056640625,-0.4156494140625,-0.3912353515625,4.025
443,159,-30425,32363,-15953,13124,21543,-5525,334,-1828,-1238,0.6436767578125,0.52166748046875,-0.40765380859375,-0.3834228515625,4.025
444,159,-25451,32392,-21231,13115,23372,-5624,412,-1828,-1120,0.642822265625,0.53558349609375,-0.39898681640625,-0.374755859375,4.025
445,159,-20961,32430,-23702,13413,15610,-4664,412,-1828,-1120,0.63995361328125,0.54736328125,-0.3939208984375,-0.3680419921875,4.025
446,159,-11669,32417,-21898,11854,898,-3669,412,-1789,-1159,0.634033203125,0.55450439453125,-0.3951416015625,-0.3662109375,4.025
447,159,-9264,29550,-15172,9374,-17170,-3877,412,-1789,-1159,0.624267578125,0.55633544921875,-0.4029541015625,-0.37158203125,4.025
448,159,-9999,12575,-1468,8474,-29148,-6860,452,-1828,-1081,0.61102294921875,0.555419921875,-0.4132080078125,-0.38348388671875,4.025
449,159,-11836,-9442,11766,7639,-32768,-11315,452,-1828,-1081,0.5966796875,0.5531005859375,-0.42333984375,-0.39813232421875,4.025
450,159,-6422,-31377,21256,6845,-30391,-17618,294,-1828,-1081,0.58154296875,0.5523681640625,-0.43017578125,-0.4140625,4.025
451,159,4451,-32475,25358,5056,-15921,-25155,294,-1828,-1081,0.56878662109375,0.55657958984375,-0.42828369140625,-0.4278564453125,4.025
452,159,16752,-32306,31630,4050,7056,-32768,255,-1789,-1120,0.56048583984375,0.5684814453125,-0.414794921875,-0.43621826171875,4.025
453,159,32767,-32116,31443,-216,32644,-32768,255,-1789,-1120,0.560302734375,0.58563232421875,-0.39080810546875,-0.4359130859375,4.025
454,159,32767,-5425,31344,-1965,32644,-23226,412,-1789,-1081,0.56329345703125,0.59912109375,-0.36968994140625,-0.43218994140625,4.025
455,159,32531,14164,-32768,-6482,-4583,-6409,412,-1789,-1081,0.562744140625,0.59722900390625,-0.368408203125,-0.4365234375,4.025
456,159,-32703,32444,5686,-28636,-1835,12107,609,-1671,-1199,0.5760498046875,0.58380126953125,-0.36444091796875,-0.440673828125,4.025
457,159,18068,-32499,-10198,8616,-17053,5707,609,-1671,-1199,0.5704345703125,0.580810546875,-0.37579345703125,-0.44256591796875,4.025
458,159,-1461,27720,-2417,10283,5912,8917,648,-1553,-1317,0.57012939453125,0.5845947265625,-0.38031005859375,-0.43402099609375,4.025
459,159,7221,-3105,13380,8033,-6294,6753,648,-1553,-1317,0.5679931640625,0.58349609375,-0.3873291015625,-0.4320068359375,4.025
460,159,-4824,26747,-5012,6786,1244,4382,609,-1592,-1277,0.566162109375,0.58612060546875,-0.39044189453125,-0.4281005859375,4.025
461,159,7327,15261,621,8581,-1961,5599,609,-1592,-1277,0.56475830078125,0.58648681640625,-0.39666748046875,-0.42352294921875,4.025
462,159,-161,18694,-3534,6477,-1508,4553,530,-1631,-1238,0.562744140625,0.58782958984375,-0.4012451171875,-0.42022705078125,4.025
463,159,-2139,16893,81,4740,-940,3890,530,-1631,-1238,0.56146240234375,0.5885009765625,-0.40374755859375,-0.4185791015625,4.025
464,159,606,16536,-2385,3090,-977,5347,491,-1671,-1277,0.56121826171875,0.58819580078125,-0.40765380859375,-0.41552734375,4.025
465,159,-2436,16342,-698,1139,-1609,5810,491,-1671,-1277,0.56134033203125,0.58709716796875,-0.4102783203125,-0.414306640625,4.025
466,159,1373,17294,-295,-619,-1126,5910,491,-1671,-1081,0.56329345703125,0.58477783203125,-0.41314697265625,-0.412109375,4.025
467,159,1810,16149,-1029,-1627,-817,6123,491,-1671,-1081,0.5655517578125,0.582275390625,-0.41595458984375,-0.40972900390625,4.025
468,159,1378,17377,-415,-2745,-868,6225,452,-1710,-1159,0.56829833984375,0.57916259765625,-0.41827392578125,-0.407958984375,4.025
469,159,-2177,16132,-196,-3614,-1886,5839,452,-1710,-1159,0.5701904296875,0.57623291015625,-0.41943359375,-0.40826416015625,4.025
470,159,1864,16780,366,-4656,-1935,6131,373,-1631,-1199,0.57366943359375,0.57177734375,-0.42156982421875,-0.407470703125,4.025
471,159,1869,16806,869,-4976,-1732,5701,373,-1631,-1199,0.57733154296875,0.56719970703125,-0.42315673828125,-0.40692138671875,4.025
472,159,-635,16935,1201,-5148,-2705,5559,334,-1710,-1199,0.58013916015625,0.56280517578125,-0.4241943359375,-0.40802001953125,4.025
473,159,4720,15842,2114,-4688,-2154,4970,334,-1710,-1199,0.58367919921875,0.5579833984375,-0.42608642578125,-0.40753173828125,4.025
474,159,1256,16613,1998,-3755,-281,3995,373,-1631,-1159,0.58697509765625,0.5548095703125,-0.426025390625,-0.4073486328125,4.025
475,159,2268,16503,2424,-2789,983,3056,373,-1631,-1159,0.59027099609375,0.55224609375,-0.42559814453125,-0.40643310546875,4.025
476,159,4531,16152,1552,-1664,2366,1931,255,-1631,-1277,0.59295654296875,0.55072021484375,-0.4256591796875,-0.40447998046875,4.025
477,159,3394,15977,1847,-1099,3092,1094,255,-1631,-1277,0.59552001953125,0.5498046875,-0.42498779296875,-0.4027099609375,4.025
478,159,1628,16250,1247,-248,2936,472,412,-1631,-1317,0.5970458984375,0.5501708984375,-0.42376708984375,-0.4013671875,4.025
479,159,2109,16463,1280,-653,-650,532,412,-1631,-1317,0.59783935546875,0.54925537109375,-0.4239501953125,-0.40118408203125,4.025
480,159,4042,16245,1101,-317,321,-122,255,-1631,-1317,0.59869384765625,0.54852294921875,-0.4244384765625,-0.400390625,4.025
481,159,767,15767,1579,-130,380,-428,255,-1631,-1317,0.59906005859375,0.54827880859375,-0.42376708984375,-0.40087890625,4.025
482,159,2240,16665,1452,-73,240,-438,334,-1671,-1238,0.59967041015625,0.54803466796875,-0.4234619140625,-0.40069580078125,4.025
483,159,2343,16226,1235,-24,1050,-759,334,-1671,-1238,0.60028076171875,0.54815673828125,-0.42291259765625,-0.40020751953125,4.025
484,159,2289,16098,1272,196,1543,-942,334,-1671,-1277,0.6009521484375,0.5484619140625,-0.422119140625,-0.3995361328125,4.025
485,159,1041,16004,1329,-11,1720,-1343,334,-1671,-1277,0.601318359375,0.54913330078125,-0.42071533203125,-0.399658203125,4.025
486,159,2317,17085,479,-446,1875,-1503,334,-1671,-1199,0.60174560546875,0.5498046875,-0.41961669921875,-0.399169921875,4.025
487,159,2023,16049,958,-795,1778,-1722,334,-1671,-1199,0.60235595703125,0.55023193359375,-0.41827392578125,-0.39910888671875,4.025
488,159,1948,15470,1908,-517,2309,-1751,412,-1671,-1277,0.60357666015625,0.550537109375,-0.416259765625,-0.39886474609375,4.025
489,159,917,16487,1511,-177,1687,-1511,412,-1671,-1277,0.60394287109375,0.55126953125,-0.41455078125,-0.3990478515625,4.025
490,159,2083,16368,1360,96,1804,-1370,334,-1631,-1317,0.60455322265625,0.55169677734375,-0.41357421875,-0.39862060546875,4.025
491,159,1451,15994,1551,426,2294,-1389,334,-1631,-1317,0.6051025390625,0.5523681640625,-0.4122314453125,-0.398193359375,4.025
492,159,339,16418,1074,223,1710,-1448,412,-1671,-1238,0.60504150390625,0.55352783203125,-0.41070556640625,-0.39837646484375,4.025
493,159,2234,16464,1049,-70,1480,-1447,412,-1671,-1238,0.60546875,0.5540771484375,-0.4097900390625,-0.3978271484375,4.025
494,159,1267,16287,1552,-191,1440,-1558,334,-1631,-1277,0.60589599609375,0.55438232421875,-0.40850830078125,-0.39801025390625,4.025
495,159,648,16252,1487,-94,1294,-1481,334,-1631,-1277,0.6060791015625,0.55487060546875,-0.4072265625,-0.3984375,4.025
496,159,1059,16180,1320,6,1273,-1250,412,-1671,-1238,0.6063232421875,0.555419921875,-0.40606689453125,-0.3984375,4.025
497,159,1150,15962,1439,298,1882,-894,412,-1671,-1238,0.6068115234375,0.55609130859375,-0.4049072265625,-0.39801025390625,4.025
498,159,-835,16027,1334,344,1529,-526,452,-1671,-1277,0.606689453125,0.55706787109375,-0.40338134765625,-0.39825439453125,4.025
499,159,986,16398,1102,24,603,-47,452,-1671,-1277,0.60699462890625,0.5572509765625,-0.40301513671875,-0.39794921875,4.025
500,159,1676,16126,1132,-189,1110,114,452,-1710,-1238,0.607666015625,0.55731201171875,-0.4027099609375,-0.39715576171875,4.025
501,159,-446,15948,1322,-506,714,260,452,-1710,-1238,0.60797119140625,0.5574951171875,-0.40167236328125,-0.3974609375,4.025
502,159,1512,16890,821,-1080,192,640,452,-1631,-1356,0.60870361328125,0.55694580078125,-0.40179443359375,-0.3970947265625,4.025
503,159,1203,16190,538,-1536,392,997,452,-1631,-1356,0.60955810546875,0.5562744140625,-0.40179443359375,-0.39666748046875,4.025
504,159,319,15890,795,-2004,75,1492,294,-1671,-1199,0.61053466796875,0.55523681640625,-0.40179443359375,-0.39666748046875,4.025
505,159,251,16321,976,-2650,-398,2046,294,-1671,-1199,0.61175537109375,0.5535888671875,-0.40191650390625,-0.39691162109375,4.025
506,159,1017,16601,868,-3255,-353,2772,334,-1631,-1277,0.61346435546875,0.551513671875,-0.40234375,-0.396728515625,4.025
507,159,-115,15859,1220,-3642,-295,3602,334,-1631,-1277,0.61541748046875,0.5491943359375,-0.40252685546875,-0.39678955078125,4.025
508,159,418,16005,1265,-4006,-257,4565,412,-1631,-1317,0.6177978515625,0.5465087890625,-0.40289306640625,-0.39630126953125,4.025
509,159,1200,16223,1537,-4281,-100,5457,412,-1631,-1317,0.620849609375,0.54339599609375,-0.40362548828125,-0.39520263671875,4.025
510,159,189,16183,1382,-4461,68,6427,412,-1671,-1277,0.623779296875,0.540283203125,-0.404296875,-0.39410400390625,4.025
511,159,-160,16069,1746,-4976,-338,6960,412,-1671,-1277,0.626953125,0.53680419921875,-0.40484619140625,-0.39324951171875,4.025
512,159,2858,16216,1198,-5237,120,7375,452,-1631,-1277,0.63079833984375,0.53289794921875,-0.4063720703125,-0.390869140625,4.025
513,159,2450,15872,1972,-5781,67,7952,452,-1631,-1277,0.63519287109375,0.52850341796875,-0.407470703125,-0.3885498046875,4.025
514,159,834,16004,1752,-6340,-542,8105,373,-1592,-1317,0.63897705078125,0.5240478515625,-0.408447265625,-0.3873291015625,4.025
515,159,3108,15846,1858,-6919,-227,8163,373,-1592,-1317,0.6435546875,0.5189208984375,-0.40972900390625,-0.38525390625,4.025
516,159,3968,16739,2626,-7606,872,8118,294,-1513,-1395,0.64886474609375,0.51336669921875,-0.41058349609375,-0.3829345703125,4.025
517,159,2692,15974,1902,-8111,1017,8284,294,-1513,-1395,0.65380859375,0.50811767578125,-0.4110107421875,-0.38104248046875,4.025
518,159,1528,15895,2359,-8824,-916,8437,294,-1553,-1395,0.6583251953125,0.5023193359375,-0.41162109375,-0.38037109375,4.025
519,159,4293,15914,3042,-9043,-1054,8505,294,-1553,-1395,0.66351318359375,0.49560546875,-0.41278076171875,-0.3787841796875,4.025
520,159,3797,15652,3781,-8815,240,8416,255,-1513,-1435,0.669189453125,0.4891357421875,-0.4129638671875,-0.3770751953125,4.025
521,159,3906,15174,3782,-8413,899,8217,255,-1513,-1435,0.6746826171875,0.483154296875,-0.41290283203125,-0.375,4.025
522,159,5230,15032,4287,-8070,1658,7839,98,-1435,-1513,0.68035888671875,0.476806640625,-0.41302490234375,-0.3726806640625,4.025
523,159,5222,14722,4701,-7718,2870,7354,98,-1435,-1513,0.68621826171875,0.47100830078125,-0.41229248046875,-0.3701171875,4.025
524,159,6326,14452,5728,-7058,4693,6733,58,-1435,-1513,0.6922607421875,0.4658203125,-0.41082763671875,-0.3670654296875,4.025
525,159,5913,14985,5378,-6007,5146,6489,58,-1435,-1513,0.6978759765625,0.46142578125,-0.40924072265625,-0.36370849609375,4.025
526,159,3611,15253,5866,-5211,5594,6010,176,-1395,-1592,0.703125,0.4581298828125,-0.40631103515625,-0.361083984375,4.025
527,159,6991,14272,5769,-3882,7112,5588,176,-1395,-1592,0.7083740234375,0.455322265625,-0.4041748046875,-0.35662841796875,4.025
528,159,6089,14370,5077,-3041,8181,5201,137,-1356,-1513,0.71331787109375,0.45361328125,-0.401611328125,-0.3519287109375,4.025
529,159,4291,14868,5610,-2586,8367,4610,137,-1356,-1513,0.71795654296875,0.45257568359375,-0.39794921875,-0.34808349609375,4.025
530,159,5213,14781,5426,-1399,8210,4133,98,-1356,-1553,0.721923828125,0.45196533203125,-0.39508056640625,-0.34381103515625,4.025
531,159,4586,14939,5575,-483,7601,3314,98,-1356,-1553,0.7252197265625,0.4520263671875,-0.39215087890625,-0.34014892578125,4.025
532,159,5433,14621,5670,458,7494,2351,294,-1317,-1553,0.72821044921875,0.45281982421875,-0.38916015625,-0.3360595703125,4.025
533,159,4827,14792,5933,1591,6268,1405,294,-1317,-1553,0.7303466796875,0.45416259765625,-0.3863525390625,-0.332763671875,4.025
534,159,4037,15040,5513,2661,4583,44,216,-1435,-1631,0.73101806640625,0.45623779296875,-0.38427734375,-0.3309326171875,4.025
535,159,7555,15030,5990,3434,4944,-1672,216,-1435,-1631,0.7315673828125,0.45831298828125,-0.3828125,-0.32843017578125,4.025
536,159,5345,15309,6096,4361,4321,-3112,216,-1317,-1553,0.73138427734375,0.46136474609375,-0.380615234375,-0.3272705078125,4.025
537,159,4532,15036,5068,4887,3700,-4336,216,-1317,-1553,0.73016357421875,0.46527099609375,-0.378662109375,-0.326904296875,4.025
538,159,2745,16373,4904,5211,3421,-5355,255,-1435,-1474,0.72802734375,0.47027587890625,-0.3758544921875,-0.32763671875,4.025
539,159,4117,17018,4756,5295,2247,-6439,255,-1435,-1474,0.7254638671875,0.47509765625,-0.3739013671875,-0.32867431640625,4.025
540,159,7130,16334,4951,5252,2589,-8382,294,-1474,-1474,0.7230224609375,0.4796142578125,-0.37200927734375,-0.32952880859375,4.025
541,159,6442,17315,4483,4768,2108,-10438,294,-1474,-1474,0.71990966796875,0.484619140625,-0.3695068359375,-0.331787109375,4.025
542,159,6843,18333,5097,4027,1886,-13005,255,-1474,-1435,0.716552734375,0.48956298828125,-0.36614990234375,-0.33544921875,4.025
543,159,7734,20356,13184,6111,825,-16097,255,-1474,-1435,0.7122802734375,0.4951171875,-0.3616943359375,-0.3411865234375,4.025
544,159,8550,23830,8695,2762,2791,-18291,412,-1474,-1356,0.7088623046875,0.50042724609375,-0.35546875,-0.34698486328125,4.025
545,159,11017,28658,10984,2008,4435,-20537,412,-1474,-1356,0.70556640625,0.50592041015625,-0.34771728515625,-0.35345458984375,4.025
546,159,6108,32767,31494,-1129,9554,-22562,452,-1395,-1474,0.70361328125,0.51171875,-0.33514404296875,-0.36114501953125,4.025
547,159,4964,32767,15687,1451,26208,-25609,452,-1395,-1474,0.70367431640625,0.52264404296875,-0.314453125,-0.36395263671875,4.025
548,159,1031,32767,27188,341,25563,-27037,530,-1474,-1356,0.70294189453125,0.53326416015625,-0.2930908203125,-0.367919921875,4.025
549,159,29904,32767,31232,-6557,20155,-18443,530,-1474,-1356,0.705322265625,0.537353515625,-0.2764892578125,-0.37005615234375,4.025
550,159,31344,32767,30706,-8137,12263,-1909,806,-1513,-1317,0.710693359375,0.535888671875,-0.26885986328125,-0.36761474609375,4.025
551,159,3612,31583,25718,-6008,8916,9980,806,-1513,-1317,0.71746826171875,0.532470703125,-0.2664794921875,-0.36114501953125,4.025
552,159,-19044,21758,10234,-3315,15164,11955,845,-1553,-1317,0.7236328125,0.53277587890625,-0.2613525390625,-0.3519287109375,4.025
553,159,-20887,16979,-9403,838,26273,6912,845,-1553,-1317,0.728271484375,0.5391845703125,-0.25091552734375,-0.3399658203125,4.025
554,159,-15097,20191,-8643,4713,32644,712,766,-1631,-1317,0.73101806640625,0.54962158203125,-0.23626708984375,-0.32781982421875,4.025
555,159,-16267,24222,-12918,6418,32644,-1471,766,-1631,-1317,0.73223876953125,0.5609130859375,-0.2213134765625,-0.316162109375,4.025
556,159,-21969,25363,-14814,7008,32644,-3907,884,-1710,-1238,0.732421875,0.572509765625,-0.205322265625,-0.30548095703125,4.025
557,159,-14527,23289,-18133,7988,32644,-3972,884,-1710,-1238,0.73187255859375,0.58441162109375,-0.18975830078125,-0.29425048828125,4.025
558,159,-2298,20069,-20320,10145,32644,-2814,1042,-1749,-1081,0.73040771484375,0.59674072265625,-0.17547607421875,-0.2816162109375,4.025
559,159,-2801,19245,-16942,12443,32644,-2865,1042,-1749,-1081,0.72772216796875,0.60986328125,-0.16143798828125,-0.2685546875,4.025
560,159,-11950,17816,-13737,12707,30536,-5098,1159,-1828,-963,0.72381591796875,0.6226806640625,-0.14691162109375,-0.25775146484375,4.025
561,159,-16255,16473,-11545,12022,17675,-6004,1159,-1828,-963,0.7186279296875,0.63287353515625,-0.13751220703125,-0.25274658203125,4.025
562,159,-13064,15499,-9777,10989,2251,-5795,1120,-1907,-884,0.71234130859375,0.639892578125,-0.13525390625,-0.2540283203125,4.025
563,159,-7450,16142,-8913,9893,-9997,-4696,1120,-1907,-884,0.70562744140625,0.64422607421875,-0.13934326171875,-0.259521484375,4.025
564,159,-4186,16941,-8952,9050,-18101,-3702,1199,-1946,-845,0.69866943359375,0.6466064453125,-0.14764404296875,-0.26776123046875,4.025
565,159,-3251,17053,-8670,8534,-23933,-2515,1199,-1946,-845,0.69146728515625,0.6474609375,-0.1590576171875,-0.27777099609375,4.025
566,159,-3865,16692,-8269,8434,-28479,-1186,1199,-1946,-845,0.68377685546875,0.6470947265625,-0.17291259765625,-0.28912353515625,4.025
567,159,-3986,16285,-7244,8558,-32768,40,1199,-1946,-845,0.675537109375,0.64556884765625,-0.1890869140625,-0.30157470703125,4.025
568,159,-3313,16737,-5362,8669,-32768,1042,1081,-2025,-884,0.66717529296875,0.64349365234375,-0.20574951171875,-0.31353759765625,4.025
569,159,-2420,17745,-3783,8755,-32768,1888,1081,-2025,-884,0.65863037109375,0.6409912109375,-0.22271728515625,-0.3248291015625,4.025
570,159,-1905,19157,-2090,8851,-32768,2683,1042,-2025,-845,0.65008544921875,0.637939453125,-0.239990234375,-0.3355712890625,4.025
571,159,-1229,20413,-120,8741,-32768,3256,1042,-2025,-845,0.64166259765625,0.63421630859375,-0.25738525390625,-0.34588623046875,4.025
572,159,17,21001,1214,8447,-32768,3580,806,-2025,-963,0.63360595703125,0.62933349609375,-0.27508544921875,-0.35577392578125,4.025
573,159,1746,21141,2189,7981,-32768,3487,806,-2025,-963,0.6258544921875,0.6236572265625,-0.292724609375,-0.36529541015625,4.025
574,159,3669,20682,2697,7597,-32768,2973,766,-2064,-963,0.61798095703125,0.617431640625,-0.30999755859375,-0.37481689453125,4.025
575,159,4833,19428,2598,7224,-32768,2129,766,-2064,-963,0.60980224609375,0.6109619140625,-0.3267822265625,-0.38446044921875,4.025
576,159,5699,18080,2570,6770,-32768,826,570,-2143,-1081,0.60113525390625,0.604248046875,-0.3427734375,-0.3946533203125,4.025
577,159,6812,16830,2555,6328,-32768,-689,570,-2143,-1081,0.59197998046875,0.597412109375,-0.35791015625,-0.4052734375,4.025
578,159,7766,15625,2287,5981,-32768,-1963,491,-2064,-1042,0.58233642578125,0.59051513671875,-0.372314453125,-0.416259765625,4.025
579,159,8168,14034,1857,5678,-29018,-2978,491,-2064,-1042,0.57318115234375,0.5845947265625,-0.3846435546875,-0.426025390625,4.025
580,159,8298,12136,1380,5466,-23889,-3884,373,-2221,-1042,0.56488037109375,0.580078125,-0.39459228515625,-0.43402099609375,4.025
581,159,8124,10451,1059,5383,-18884,-4538,373,-2221,-1042,0.5576171875,0.5770263671875,-0.40240478515625,-0.4403076171875,4.025
582,159,8131,9006,2004,5175,-13821,-5042,294,-2182,-1081,0.55157470703125,0.5753173828125,-0.40789794921875,-0.445068359375,4.025
583,159,8271,8441,6990,3988,-8268,-5311,294,-2182,-1081,0.54730224609375,0.5748291015625,-0.41033935546875,-0.44879150390625,4.025
584,159,10636,8039,10644,1745,63,-5065,334,-2260,-963,0.54608154296875,0.575927734375,-0.40911865234375,-0.449951171875,4.025
585,159,10424,7696,10505,-433,4535,-4736,334,-2260,-963,0.54693603515625,0.57745361328125,-0.40576171875,-0.449951171875,4.025
586,159,6686,6753,9313,-2582,6296,-4793,255,-2260,-1002,0.549072265625,0.5787353515625,-0.40106201171875,-0.449951171875,4.025
587,159,2916,5189,6091,-4180,5377,-4536,255,-2260,-1002,0.551513671875,0.5791015625,-0.39617919921875,-0.4508056640625,4.025
588,159,-51,3771,3017,-5389,1594,-4255,412,-2221,-963,0.553466796875,0.577880859375,-0.3919677734375,-0.45361328125,4.025
589,159,-2043,2689,-297,-5990,-4936,-4168,412,-2221,-963,0.55224609375,0.57623291015625,-0.3895263671875,-0.45928955078125,4.025
590,159,-3246,2530,-2237,-6313,-12777,-4204,412,-2221,-1002,0.548828125,0.57244873046875,-0.3902587890625,-0.4674072265625,4.025
591,159,-3058,3096,-3850,-6548,-18805,-4527,412,-2221,-1002,0.5439453125,0.56671142578125,-0.393310546875,-0.47735595703125,4.025
592,159,-1418,3760,-5595,-5760,-22645,-5135,334,-2182,-1081,0.53778076171875,0.55999755859375,-0.398193359375,-0.48828125,4.025
593,159,129,3912,-6682,-4419,-25120,-5931,334,-2182,-1081,0.53021240234375,0.5528564453125,-0.40411376953125,-0.4996337890625,4.025
594,159,695,3870,-6851,-2702,-26763,-6940,255,-2260,-1081,0.52117919921875,0.5457763671875,-0.4107666015625,-0.51123046875,4.025
595,159,631,4145,-6871,-945,-28593,-7873,255,-2260,-1081,0.5106201171875,0.538818359375,-0.41815185546875,-0.52325439453125,4.025
596,159,1179,5164,-6389,580,-30429,-8875,294,-2221,-1120,0.49853515625,0.53167724609375,-0.42620849609375,-0.5355224609375,4.025
597,159,2056,7178,-4861,1782,-31699,-9764,294,-2221,-1120,0.4854736328125,0.5242919921875,-0.43463134765625,-0.54791259765625,4.025
598,159,3317,9368,-2628,2177,-32292,-10693,216,-2103,-1042,0.4720458984375,0.51629638671875,-0.4429931640625,-0.56036376953125,4.025
599,159,5384,10829,-251,1708,-31191,-11806,216,-2103,-1042,0.458984375,0.508056640625,-0.45025634765625,-0.57275390625,4.025
600,159,7327,11234,569,1118,-29824,-12734,176,-2260,-1120,0.44610595703125,0.5001220703125,-0.456298828125,-0.5850830078125,4.025
601,159,8145,11705,1046,499,-29041,-13816,176,-2260,-1120,0.43310546875,0.4923095703125,-0.4613037109375,-0.597412109375,4.025
602,159,8185,11710,1902,-543,-29068,-15172,176,-2182,-1120,0.41973876953125,0.484375,-0.4652099609375,-0.61029052734375,4.025
603,159,9164,11896,1006,-1493,-30575,-15270,176,-2182,-1120,0.40594482421875,0.47540283203125,-0.468994140625,-0.62359619140625,4.025
604,159,11471,12887,585,-1999,-32768,-14740,137,-2182,-1159,0.39154052734375,0.465087890625,-0.47320556640625,-0.63726806640625,4.025
605,159,16166,12474,860,-2848,-32768,-14085,137,-2182,-1159,0.37744140625,0.4541015625,-0.4769287109375,-0.65081787109375,4.025
606,159,20708,10726,1372,-2904,-31267,-12308,216,-2182,-1159,0.3643798828125,0.4429931640625,-0.48040771484375,-0.6632080078125,4.025
607,159,22603,8607,1486,-2153,-27098,-9865,216,-2182,-1159,0.353271484375,0.4329833984375,-0.4837646484375,-0.67333984375,4.025
608,159,21637,7003,1614,-1046,-22049,-6936,137,-2221,-1238,0.34454345703125,0.42431640625,-0.487060546875,-0.68096923828125,4.025
609,159,19279,6330,1718,198,-17458,-3670,137,-2221,-1238,0.33831787109375,0.4168701171875,-0.49072265625,-0.68603515625,4.025
610,159,16299,6631,1523,1443,-13116,-359,98,-2182,-1199,0.33453369140625,0.41046142578125,-0.494873046875,-0.68878173828125,4.025
611,159,14312,7867,1489,2597,-7950,2881,98,-2182,-1199,0.3336181640625,0.40557861328125,-0.499267578125,-0.68896484375,4.025
612,159,11977,9612,2839,3284,-3441,5791,98,-2143,-1120,0.33526611328125,0.4017333984375,-0.503662109375,-0.68719482421875,4.025
613,159,8407,11302,3680,3851,207,8276,98,-2143,-1120,0.339111328125,0.39874267578125,-0.508056640625,-0.68377685546875,4.025
614,159,5094,12779,3881,4567,2783,10427,-19,-2182,-1120,0.3446044921875,0.396240234375,-0.5126953125,-0.67901611328125,4.025
615,159,3810,13704,3920,5158,4466,12278,-19,-2182,-1120,0.351318359375,0.39398193359375,-0.517578125,-0.67315673828125,4.025
616,159,4562,14298,3632,5642,6052,13965,-58,-2221,-1081,0.359130859375,0.39190673828125,-0.52276611328125,-0.66619873046875,4.025
617,159,5895,14677,3675,5847,8071,15351,-58,-2221,-1081,0.36810302734375,0.39019775390625,-0.52789306640625,-0.658203125,4.025
618,159,6889,14685,3224,6095,10934,16462,-58,-2221,-1042,0.37841796875,0.389404296875,-0.5325927734375,-0.64898681640625,4.025
619,159,7200,15205,2652,6125,13442,17487,-58,-2221,-1042,0.38995361328125,0.3892822265625,-0.53692626953125,-0.63861083984375,4.025
620,159,6649,16047,2044,6071,14234,18354,-98,-2143,-1081,0.4019775390625,0.38916015625,-0.5411376953125,-0.6275634765625,4.025
621,159,6660,16820,1673,5768,13254,19177,-98,-2143,-1081,0.4139404296875,0.38824462890625,-0.5455322265625,-0.616455078125,4.025
622,159,6999,18051,1125,5314,12346,20290,-216,-2182,-1042,0.42584228515625,0.386474609375,-0.55023193359375,-0.60516357421875,4.025
623,159,7449,18996,542,5048,11063,20928,-216,-2182,-1042,0.4375,0.38385009765625,-0.55517578125,-0.59393310546875,4.025
624,159,7600,20163,342,4942,10058,21398,-255,-2182,-1002,0.44873046875,0.38067626953125,-0.560302734375,-0.58270263671875,4.025
625,159,7517,21038,-116,4899,9052,21558,-255,-2182,-1002,0.45941162109375,0.3770751953125,-0.56549072265625,-0.571533203125,4.025
626,159,7269,21686,-183,4890,7968,21467,-373,-2182,-963,0.46942138671875,0.3731689453125,-0.57086181640625,-0.56060791015625,4.025
627,159,6695,21964,-142,4830,6666,21219,-373,-2182,-963,0.4786376953125,0.36883544921875,-0.57623291015625,-0.550048828125,4.025
628,159,6285,21632,-29,4826,5298,20895,-412,-2221,-884,0.487060546875,0.3642578125,-0.5816650390625,-0.53997802734375,4.025
629,159,6205,21165,171,4822,4231,20425,-412,-2221,-884,0.4947509765625,0.35943603515625,-0.58709716796875,-0.53021240234375,4.025
630,159,6153,20377,-27,5007,3620,19801,-609,-2182,-963,0.50177001953125,0.3546142578125,-0.59259033203125,-0.52069091796875,4.025
631,159,5888,19487,-36,5235,3119,19056,-609,-2182,-963,0.50811767578125,0.35003662109375,-0.597900390625,-0.51141357421875,4.025
632,159,5779,18684,114,5514,3147,18337,-688,-2143,-924,0.51416015625,0.34576416015625,-0.60296630859375,-0.5023193359375,4.025
633,159,5538,17814,104,5910,3436,17546,-688,-2143,-924,0.519775390625,0.3421630859375,-0.607666015625,-0.49322509765625,4.025
634,159,5523,17123,95,6356,4069,16721,-766,-2143,-924,0.525146484375,0.339111328125,-0.612060546875,-0.484130859375,4.025
635,159,5365,16383,262,6830,4921,15929,-766,-2143,-924,0.530517578125,0.33685302734375,-0.6158447265625,-0.4749755859375,4.025
636,159,5411,15717,383,7325,6072,15131,-766,-2182,-845,0.535888671875,0.33544921875,-0.6190185546875,-0.46575927734375,4.025
637,159,5485,15225,848,7774,7368,14351,-766,-2182,-845,0.54150390625,0.33477783203125,-0.62139892578125,-0.4564208984375,4.025
638,159,5564,14944,1205,8147,8819,13625,-924,-2064,-884,0.5474853515625,0.334716796875,-0.62310791015625,-0.4468994140625,4.025
639,159,5719,14819,1374,8378,10356,12882,-924,-2064,-884,0.5538330078125,0.33544921875,-0.6239013671875,-0.437255859375,4.025
640,159,5862,14782,1681,8549,11907,12230,-924,-2064,-845,0.56060791015625,0.3369140625,-0.623779296875,-0.42755126953125,4.025
641,159,5926,14680,1959,8648,13461,11587,-924,-2064,-845,0.5677490234375,0.33905029296875,-0.62274169921875,-0.41778564453125,4.025
642,159,5992,14736,1835,8633,15012,11029,-924,-2064,-884,0.57525634765625,0.3419189453125,-0.62091064453125,-0.4078369140625,4.025
643,159,6201,14914,1788,8566,16553,10485,-924,-2064,-884,0.58306884765625,0.34539794921875,-0.6182861328125,-0.39764404296875,4.025
644,159,6424,15308,1784,8367,18144,9932,-924,-2103,-884,0.59124755859375,0.34942626953125,-0.61480712890625,-0.38739013671875,4.025
645,159,6704,16045,1541,8174,19658,9443,-924,-2103,-884,0.59967041015625,0.35400390625,-0.61053466796875,-0.37689208984375,4.025
646,159,6656,16673,1095,7901,20873,9058,-1042,-2064,-884,0.608154296875,0.35894775390625,-0.605712890625,-0.36614990234375,4.025
647,159,6646,17526,739,7579,21876,8722,-1042,-2064,-884,0.61676025390625,0.3641357421875,-0.60028076171875,-0.35540771484375,4.025
648,159,6764,18521,603,7221,22911,8488,-963,-2064,-924,0.62554931640625,0.36956787109375,-0.59417724609375,-0.34454345703125,4.025
649,159,6834,19594,63,6857,23752,8301,-963,-2064,-924,0.63433837890625,0.37518310546875,-0.58758544921875,-0.33349609375,4.025
650,159,6817,20539,-98,6441,24504,8220,-963,-2025,-884,0.643310546875,0.3807373046875,-0.5804443359375,-0.3223876953125,4.025
651,159,6653,21151,-507,6018,25118,8214,-963,-2025,-884,0.65234375,0.38616943359375,-0.57281494140625,-0.3111572265625,4.025
652,159,6283,21792,-826,5550,25291,8230,-924,-1985,-924,0.6612548828125,0.39141845703125,-0.56494140625,-0.29998779296875,4.025
653,159,5780,22540,-1121,5102,25074,8214,-924,-1985,-924,0.66998291015625,0.3963623046875,-0.556884765625,-0.2889404296875,4.025
654,159,5433,23434,-1176,4643,24537,8182,-845,-2064,-924,0.67840576171875,0.4010009765625,-0.54876708984375,-0.2781982421875,4.025
655,159,5139,24478,-1010,4071,23829,8117,-845,-2064,-924,0.6865234375,0.40521240234375,-0.5406494140625,-0.267822265625,4.025
656,159,5079,25219,-505,3478,23284,7984,-806,-2064,-1120,0.6944580078125,0.40911865234375,-0.532470703125,-0.2578125,4.025
657,159,5058,25304,-113,2829,22528,7894,-806,-2064,-1120,0.70208740234375,0.4124755859375,-0.5242919921875,-0.24822998046875,4.025
658,159,4716,24799,225,2132,21521,7920,-884,-2025,-1120,0.70941162109375,0.415283203125,-0.51641845703125,-0.2391357421875,4.025
659,159,4231,23736,341,1438,20070,7992,-884,-2025,-1120,0.71636962890625,0.41741943359375,-0.50897216796875,-0.23052978515625,4.025
660,159,3670,22589,677,748,18004,8171,-845,-2064,-1120,0.72265625,0.41888427734375,-0.50225830078125,-0.22265625,4.025
661,159,3206,21193,517,67,15414,8435,-845,-2064,-1120,0.728271484375,0.4195556640625,-0.49676513671875,-0.2154541015625,4.025
662,159,2722,19582,489,-561,12405,8836,-806,-1985,-1199,0.7330322265625,0.4193115234375,-0.49261474609375,-0.20916748046875,4.025
663,159,2424,17772,388,-1159,9259,9323,-806,-1985,-1199,0.73699951171875,0.418212890625,-0.489990234375,-0.20355224609375,4.025
664,159,2289,15957,293,-1590,6117,9994,-727,-1907,-1159,0.7401123046875,0.41632080078125,-0.489013671875,-0.1986083984375,4.025
665,159,2035,14444,227,-1879,3158,10669,-727,-1907,-1159,0.74237060546875,0.41363525390625,-0.48956298828125,-0.1942138671875,4.025
666,159,1974,13497,171,-2004,605,11243,-727,-1867,-1238,0.74395751953125,0.410400390625,-0.491455078125,-0.19024658203125,4.025
667,159,2332,13205,113,-1997,-1009,11736,-727,-1867,-1238,0.7449951171875,0.40679931640625,-0.49432373046875,-0.18646240234375,4.025
668,159,2543,13289,-289,-1853,-2784,12101,-884,-1907,-1317,0.74542236328125,0.40289306640625,-0.498291015625,-0.18280029296875,4.025
669,159,2337,13719,-42,-1807,-4565,12237,-884,-1907,-1317,0.7452392578125,0.39874267578125,-0.50299072265625,-0.17962646484375,4.025
670,159,2374,14123,-167,-1729,-6132,12285,-924,-1789,-1199,0.74456787109375,0.3944091796875,-0.5084228515625,-0.17681884765625,4.025
671,159,2497,14427,-257,-1586,-7569,12120,-924,-1789,-1199,0.74322509765625,0.3900146484375,-0.5145263671875,-0.17437744140625,4.025
672,159,2713,14458,-248,-1515,-8641,11696,-963,-1828,-1199,0.741455078125,0.3856201171875,-0.52099609375,-0.17242431640625,4.025
673,159,2967,14257,-214,-1466,-9393,11106,-963,-1828,-1199,0.73931884765625,0.38134765625,-0.52764892578125,-0.1708984375,4.025
674,159,3180,13928,-84,-1382,-10014,10431,-1042,-1749,-1120,0.73687744140625,0.377197265625,-0.534423828125,-0.16986083984375,4.025
675,159,3356,13438,-251,-1360,-10959,9647,-1042,-1749,-1120,0.73388671875,0.37322998046875,-0.54144287109375,-0.1693115234375,4.025
676,159,3407,12922,-542,-1334,-12417,8899,-1159,-1710,-1120,0.730224609375,0.3692626953125,-0.5489501953125,-0.16949462890625,4.025
677,159,3461,12614,-708,-1393,-14412,8122,-1159,-1710,-1120,0.7257080078125,0.36529541015625,-0.55718994140625,-0.1705322265625,4.025
678,159,3756,12292,-1111,-1441,-16549,7335,-1199,-1749,-1081,0.72027587890625,0.361328125,-0.5662841796875,-0.17236328125,4.025
679,159,4262,11954,-1281,-1449,-18411,6504,-1199,-1749,-1081,0.7138671875,0.3572998046875,-0.5760498046875,-0.17498779296875,4.025
680,159,4728,11679,-1333,-1409,-19722,5647,-1238,-1553,-1042,0.70684814453125,0.353271484375,-0.58612060546875,-0.17822265625,4.025
681,159,4930,11438,-1318,-1322,-20358,4771,-1238,-1553,-1042,0.69927978515625,0.3494873046875,-0.59619140625,-0.18194580078125,4.025
682,159,5027,11164,-1152,-1222,-20663,3934,-1395,-1631,-884,0.69140625,0.345947265625,-0.6060791015625,-0.18609619140625,4.025
683,159,5014,11244,-1132,-1211,-20780,3127,-1395,-1631,-884,0.683349609375,0.34259033203125,-0.61572265625,-0.190673828125,4.025
684,159,4960,11220,-969,-1265,-20727,2357,-1474,-1631,-963,0.675048828125,0.3394775390625,-0.62493896484375,-0.19561767578125,4.025
685,159,5079,11378,-888,-1331,-20314,1613,-1474,-1631,-963,0.66680908203125,0.33660888671875,-0.63360595703125,-0.20086669921875,4.025
686,159,5357,11436,-1006,-1457,-19481,845,-1553,-1553,-884,0.65875244140625,0.33392333984375,-0.64166259765625,-0.206298828125,4.025
687,159,5644,11600,-863,-1580,-18135,-26,-1553,-1553,-884,0.651123046875,0.33160400390625,-0.6488037109375,-0.21185302734375,4.025
688,159,6148,11811,-461,-1788,-16251,-889,-1474,-1553,-806,0.644287109375,0.3297119140625,-0.6546630859375,-0.21746826171875,4.025
689,159,6763,11914,-365,-2084,-14005,-1702,-1474,-1553,-806,0.63836669921875,0.3282470703125,-0.6593017578125,-0.22308349609375,4.025
690,159,7176,12063,-339,-2418,-11617,-2424,-1592,-1553,-609,0.63348388671875,0.3271484375,-0.6627197265625,-0.228515625,4.025
691,159,7051,11940,-602,-2701,-9215,-3141,-1592,-1553,-609,0.6295166015625,0.3265380859375,-0.66497802734375,-0.23382568359375,4.025
692,159,6779,11638,-622,-2885,-6826,-3903,-1592,-1474,-688,0.62646484375,0.326416015625,-0.66607666015625,-0.23895263671875,4.025
693,159,6880,11243,-665,-3029,-4449,-4733,-1592,-1474,-688,0.62432861328125,0.32684326171875,-0.66607666015625,-0.243896484375,4.025
694,159,6858,11303,-737,-3065,-2791,-5529,-1553,-1592,-609,0.622802734375,0.3280029296875,-0.6651611328125,-0.24884033203125,4.025
695,159,6791,11179,-430,-3054,-939,-6403,-1553,-1592,-609,0.6219482421875,0.3297119140625,-0.66326904296875,-0.25372314453125,4.025
696,159,7366,11192,14,-2953,1058,-7303,-1671,-1592,-570,0.6220703125,0.33184814453125,-0.6602783203125,-0.25836181640625,4.025
697,159,7983,11152,1002,-2913,3426,-8151,-1671,-1592,-570,0.62347412109375,0.3343505859375,-0.6558837890625,-0.26275634765625,4.025
698,159,8485,11412,2367,-2959,6323,-8961,-1631,-1710,-688,0.6263427734375,0.33746337890625,-0.64984130859375,-0.26690673828125,4.025
699,159,8768,11582,2938,-3056,9027,-9709,-1631,-1710,-688,0.63031005859375,0.3411865234375,-0.6424560546875,-0.27069091796875,4.025
700,159,8420,11935,3270,-3280,10819,-10454,-1592,-1592,-648,0.63482666015625,0.3453369140625,-0.63409423828125,-0.27447509765625,4.025
701,159,7681,12389,3050,-3522,11764,-11249,-1592,-1592,-648,0.639404296875,0.35003662109375,-0.625,-0.2786865234375,4.025
702,159,6983,12719,2680,-3700,11963,-12053,-1395,-1710,-727,0.64361572265625,0.35540771484375,-0.61553955078125,-0.283447265625,4.025
703,159,6617,13049,2441,-3840,11273,-12901,-1395,-1710,-727,0.64715576171875,0.36090087890625,-0.6060791015625,-0.28875732421875,4.025
704,159,6555,13638,2158,-3945,10012,-13763,-1317,-1789,-766,0.64971923828125,0.36663818359375,-0.59698486328125,-0.294677734375,4.025
705,159,6544,14317,2282,-4093,8635,-14604,-1317,-1789,-766,0.6514892578125,0.37225341796875,-0.5882568359375,-0.30120849609375,4.025
706,159,7055,14759,2370,-4192,7540,-15383,-1238,-1789,-884,0.65264892578125,0.37774658203125,-0.57977294921875,-0.3082275390625,4.025
707,159,7492,15084,2542,-4303,6757,-16108,-1238,-1789,-884,0.65338134765625,0.38299560546875,-0.571533203125,-0.3155517578125,4.025
708,159,7847,15548,2715,-4361,6159,-16649,-1238,-1867,-963,0.6536865234375,0.38818359375,-0.5633544921875,-0.3231201171875,4.025
709,159,8154,16102,2472,-4472,5740,-17060,-1238,-1867,-963,0.65362548828125,0.39324951171875,-0.55548095703125,-0.33074951171875,4.025
710,159,8263,16602,2433,-4591,5356,-17318,-1120,-1828,-963,0.65325927734375,0.398193359375,-0.54766845703125,-0.33843994140625,4.025
711,159,8303,16984,2058,-4704,4991,-17403,-1120,-1828,-963,0.65252685546875,0.403076171875,-0.5401611328125,-0.34613037109375,4.025
712,159,8581,17381,1657,-4736,4726,-17389,-1002,-1907,-1042,0.6514892578125,0.40789794921875,-0.53277587890625,-0.35369873046875,4.025
713,159,8655,17820,1540,-4673,4670,-17264,-1002,-1907,-1042,0.650390625,0.41259765625,-0.5255126953125,-0.361083984375,4.025
714,159,9017,18318,1280,-4580,4790,-16935,-1002,-1946,-1002,0.64923095703125,0.41717529296875,-0.51837158203125,-0.36810302734375,4.025
715,159,9273,18619,896,-4444,5138,-16501,-1002,-1946,-1002,0.64813232421875,0.4217529296875,-0.51129150390625,-0.37469482421875,4.025
716,159,9358,18848,918,-4253,5555,-15865,-766,-1907,-1081,0.647216796875,0.42626953125,-0.504150390625,-0.3807373046875,4.025
717,159,9306,19070,720,-4028,5894,-15083,-766,-1907,-1081,0.646484375,0.43060302734375,-0.4971923828125,-0.38616943359375,4.025
718,159,8639,19046,715,-3772,5821,-14123,-727,-1946,-1081,0.645751953125,0.434814453125,-0.49053955078125,-0.39117431640625,4.025
719,159,7950,18906,656,-3445,5408,-13200,-727,-1946,-1081,0.64495849609375,0.438720703125,-0.484375,-0.395751953125,4.025
720,159,7316,18819,627,-3198,4668,-12340,-609,-2025,-1120,0.64398193359375,0.4423828125,-0.478759765625,-0.40008544921875,4.02
721,159,6679,18825,813,-3015,3718,-11385,-609,-2025,-1120,0.64288330078125,0.445556640625,-0.47381591796875,-0.404296875,4.02
722,159,6365,18914,1026,-2822,2467,-10544,-570,-2025,-1120,0.64154052734375,0.44818115234375,-0.4696044921875,-0.40838623046875,4.02
723,159,5962,18999,1244,-2624,1646,-9824,-570,-2025,-1120,0.64007568359375,0.450439453125,-0.46600341796875,-0.412353515625,4.02
724,159,5302,18964,1461,-2477,857,-9279,-452,-2064,-1238,0.63836669921875,0.45245361328125,-0.4627685546875,-0.4163818359375,4.02
725,159,4919,19053,1588,-2440,106,-8973,-452,-2064,-1238,0.63653564453125,0.45416259765625,-0.4599609375,-0.42047119140625,4.02
726,159,5230,19395,1536,-2395,-616,-8898,-373,-2064,-1120,0.63446044921875,0.4556884765625,-0.45745849609375,-0.42462158203125,4.02
727,159,5740,19712,1378,-2460,-1526,-8891,-373,-2064,-1120,0.63214111328125,0.45684814453125,-0.45538330078125,-0.428955078125,4.02
728,159,6125,20214,1047,-2554,-2785,-8913,-491,-2025,-1120,0.6295166015625,0.45758056640625,-0.45391845703125,-0.43365478515625,4.02
729,159,6387,20826,780,-2636,-4245,-9021,-491,-2025,-1120,0.62640380859375,0.45782470703125,-0.4530029296875,-0.43878173828125,4.02
730,159,6781,21309,485,-2787,-5585,-9269,-373,-2064,-1238,0.62286376953125,0.457763671875,-0.4525146484375,-0.44439697265625,4.02
731,159,7420,21698,159,-2896,-6502,-9590,-373,-2064,-1238,0.61895751953125,0.4573974609375,-0.45233154296875,-0.45037841796875,4.02
732,159,7932,22041,-148,-2908,-7118,-9989,-334,-1946,-1199,0.61474609375,0.45697021484375,-0.4522705078125,-0.45660400390625,4.02
733,159,8396,22138,-308,-2940,-7140,-10452,-334,-1946,-1199,0.61041259765625,0.45654296875,-0.45208740234375,-0.46295166015625,4.02
734,159,8793,21938,-347,-2937,-6712,-10913,-412,-2025,-1238,0.6060791015625,0.456298828125,-0.45159912109375,-0.46929931640625,4.02
735,159,9089,21251,-328,-2831,-5982,-11281,-412,-2025,-1238,0.601806640625,0.45635986328125,-0.45074462890625,-0.47552490234375,4.02
736,159,9206,20302,-211,-2739,-5078,-11546,-334,-1946,-1238,0.59771728515625,0.45672607421875,-0.449462890625,-0.4814453125,4.02
737,159,9234,19033,-154,-2571,-4090,-11612,-334,-1946,-1238,0.5938720703125,0.4573974609375,-0.4478759765625,-0.48699951171875,4.02
738,159,9124,17298,-47,-2341,-3189,-11384,-255,-1946,-1277,0.59033203125,0.45831298828125,-0.44610595703125,-0.4920654296875,4.02
739,159,9086,15272,475,-2213,-2603,-10889,-255,-1946,-1277,0.587158203125,0.45916748046875,-0.44427490234375,-0.4967041015625,4.02
740,159,8878,13605,809,-2091,-2639,-10057,-255,-1985,-1277,0.58428955078125,0.45965576171875,-0.44268798828125,-0.5009765625,4.02
741,159,8753,12081,1304,-1975,-2516,-9015,-255,-1985,-1277,0.58184814453125,0.45977783203125,-0.44140625,-0.50482177734375,4.02
742,159,8701,10947,1459,-1905,-2413,-7867,-176,-2025,-1238,0.579833984375,0.45965576171875,-0.4404296875,-0.50811767578125,4.02
743,159,8441,10058,1553,-1755,-2367,-6560,-176,-2025,-1238,0.5782470703125,0.4591064453125,-0.4398193359375,-0.5108642578125,4.02
744,159,7869,9387,1407,-1532,-2626,-5200,-137,-2025,-1277,0.57696533203125,0.458251953125,-0.4398193359375,-0.51318359375,4.02
745,159,7409,9026,1275,-1341,-2804,-3904,-137,-2025,-1277,0.57598876953125,0.45703125,-0.4403076171875,-0.51495361328125,4.02
746,159,7425,8974,1247,-1046,-2587,-2642,-137,-2064,-1238,0.57537841796875,0.45562744140625,-0.44122314453125,-0.51605224609375,4.02
747,159,7817,9313,1753,-697,-1696,-1403,-137,-2064,-1238,0.57537841796875,0.4542236328125,-0.44219970703125,-0.51641845703125,4.02
748,159,8371,9863,1927,-271,-268,-76,-58,-1946,-1277,0.576171875,0.45306396484375,-0.4432373046875,-0.5157470703125,4.02
749,159,8367,10721,1729,95,1081,1178,-58,-1946,-1277,0.57757568359375,0.45220947265625,-0.4442138671875,-0.5140380859375,4.02
750,159,7936,11327,1728,351,2026,2388,-98,-1985,-1317,0.57952880859375,0.451416015625,-0.44537353515625,-0.51153564453125,4.02
751,159,7592,12492,1394,563,2806,3571,-98,-1985,-1317,0.58197021484375,0.45074462890625,-0.44659423828125,-0.50830078125,4.02
752,159,7357,13862,1149,696,3434,4677,-58,-1985,-1277,0.584716796875,0.4501953125,-0.447998046875,-0.50439453125,4.02
753,159,7287,14995,1154,773,3979,5692,-58,-1985,-1277,0.587890625,0.4495849609375,-0.44952392578125,-0.4998779296875,4.02
754,159,7167,16048,1135,866,4416,6669,-137,-1907,-1238,0.5914306640625,0.44891357421875,-0.45111083984375,-0.494873046875,4.02
755,159,6829,17040,1266,854,4727,7647,-137,-1907,-1238,0.59527587890625,0.44805908203125,-0.45281982421875,-0.489501953125,4.02
756,159,6498,18059,1349,821,4775,8529,-137,-2025,-1277,0.59930419921875,0.44708251953125,-0.45465087890625,-0.48370361328125,4.02
757,159,5488,18901,1178,775,4151,9241,-137,-2025,-1277,0.6031494140625,0.4459228515625,-0.45672607421875,-0.47802734375,4.02
758,159,4607,19575,1332,689,3011,9869,-137,-1985,-1317,0.60675048828125,0.44427490234375,-0.45928955078125,-0.4725341796875,4.02
759,159,3752,19358,1378,593,1545,10471,-137,-1985,-1317,0.6099853515625,0.442138671875,-0.46240234375,-0.46734619140625,4.02
760,159,3205,18611,1739,587,4,10938,-176,-1985,-1356,0.61279296875,0.43939208984375,-0.466064453125,-0.4625244140625,4.02
761,159,3039,17840,2172,672,-1375,11256,-176,-1985,-1356,0.61529541015625,0.4361572265625,-0.47021484375,-0.45806884765625,4.02
762,159,3013,17099,2663,848,-2399,11508,-294,-1985,-1317,0.6175537109375,0.43243408203125,-0.47479248046875,-0.453857421875,4.02
763,159,2862,16569,3233,1028,-2975,11652,-294,-1985,-1317,0.6197509765625,0.42840576171875,-0.4793701171875,-0.44989013671875,4.02
764,159,2907,15960,3429,1163,-3135,11719,-373,-1867,-1317,0.62188720703125,0.42425537109375,-0.48394775390625,-0.44598388671875,4.02
765,159,3157,15467,3468,1364,-3278,11745,-373,-1867,-1317,0.62396240234375,0.41998291015625,-0.488525390625,-0.4420166015625,4.02
766,159,3373,15215,3578,1493,-3281,11753,-373,-1907,-1395,0.62603759765625,0.415771484375,-0.4930419921875,-0.43804931640625,4.02
767,159,3775,15243,3478,1659,-3213,11811,-373,-1907,-1395,0.62811279296875,0.41168212890625,-0.49749755859375,-0.433837890625,4.02
768,159,4169,15239,3418,1776,-3033,11875,-452,-1946,-1277,0.63018798828125,0.4075927734375,-0.5020751953125,-0.42950439453125,4.02
769,159,4553,15231,3450,1902,-2627,11970,-452,-1946,-1277,0.63238525390625,0.403564453125,-0.5064697265625,-0.42486572265625,4.02
770,159,4893,15160,3474,2041,-1850,12067,-452,-1907,-1277,0.63482666015625,0.3997802734375,-0.51055908203125,-0.419921875,4.02
771,159,4808,15226,3419,2186,-935,12112,-452,-1907,-1277,0.63739013671875,0.39642333984375,-0.51416015625,-0.41473388671875,4.02
772,159,4455,15278,3320,2277,21,12073,-570,-1828,-1238,0.64013671875,0.39337158203125,-0.517333984375,-0.409423828125,4.02
773,159,3983,15141,3417,2322,725,11979,-570,-1828,-1238,0.6429443359375,0.39068603515625,-0.51995849609375,-0.4041748046875,4.02
774,159,3443,15054,3253,2343,1552,11796,-570,-1828,-1277,0.645751953125,0.3885498046875,-0.5220947265625,-0.39892578125,4.02
775,159,3264,14912,3140,2352,2405,11486,-570,-1828,-1277,0.648681640625,0.38690185546875,-0.52374267578125,-0.39361572265625,4.02
776,159,3153,14694,2904,2495,3225,11134,-648,-1867,-1199,0.6517333984375,0.38555908203125,-0.5250244140625,-0.38812255859375,4.02
777,159,3066,14641,2993,2559,3781,10699,-648,-1867,-1199,0.65472412109375,0.3846435546875,-0.52587890625,-0.38275146484375,4.02
778,159,3055,14533,2878,2622,4209,10232,-688,-1946,-1159,0.65771484375,0.384033203125,-0.5264892578125,-0.37738037109375,4.02
779,159,3293,14448,3031,2668,4653,9743,-688,-1946,-1159,0.6607666015625,0.38360595703125,-0.52667236328125,-0.37213134765625,4.02
780,159,3544,14415,3020,2746,4992,9220,-688,-1789,-1238,0.66375732421875,0.38348388671875,-0.52667236328125,-0.36700439453125,4.02
781,159,3546,14392,3123,2741,5165,8751,-688,-1789,-1238,0.666748046875,0.38348388671875,-0.5263671875,-0.36199951171875,4.02
782,159,3529,14108,3097,2722,5337,8244,-688,-1710,-1277,0.66961669921875,0.3836669921875,-0.52587890625,-0.35723876953125,4.02
783,159,3484,13936,3173,2686,5417,7726,-688,-1710,-1277,0.67236328125,0.384033203125,-0.52508544921875,-0.35272216796875,4.02
784,159,3437,13649,3294,2697,5544,7194,-688,-1789,-1199,0.67510986328125,0.3846435546875,-0.5240478515625,-0.348388671875,4.02
785,159,3317,13563,3236,2655,5637,6674,-688,-1789,-1199,0.67767333984375,0.38543701171875,-0.52276611328125,-0.34429931640625,4.02
786,159,3263,13366,3162,2630,5623,6127,-727,-1710,-1238,0.68017578125,0.38641357421875,-0.52142333984375,-0.3404541015625,4.02
787,159,3130,13380,3013,2610,5476,5590,-727,-1710,-1238,0.682373046875,0.38751220703125,-0.52001953125,-0.33685302734375,4.02
788,159,3143,13491,2830,2635,5234,5085,-727,-1789,-1238,0.68426513671875,0.38885498046875,-0.5186767578125,-0.33343505859375,4.02
789,159,3129,13526,2683,2674,4848,4530,-727,-1789,-1238,0.6859130859375,0.39031982421875,-0.51739501953125,-0.33038330078125,4.02
790,159,3103,13646,2679,2682,4380,3971,-766,-1749,-1277,0.687255859375,0.391845703125,-0.5162353515625,-0.32763671875,4.02
791,159,3099,13698,2723,2713,3904,3356,-766,-1749,-1277,0.688232421875,0.39349365234375,-0.51513671875,-0.3253173828125,4.02
792,159,3135,13938,2654,2689,3339,2722,-688,-1710,-1317,0.68890380859375,0.395263671875,-0.51409912109375,-0.32342529296875,4.02
793,159,3205,14154,2664,2728,2698,2000,-688,-1710,-1317,0.689208984375,0.39715576171875,-0.51312255859375,-0.32196044921875,4.02
794,159,3396,14496,2653,2745,2172,1253,-688,-1671,-1238,0.68914794921875,0.39910888671875,-0.5123291015625,-0.32098388671875,4.02
795,159,3557,14757,2662,2760,1841,509,-688,-1671,-1238,0.6888427734375,0.40130615234375,-0.511474609375,-0.32037353515625,4.02
796,159,3914,15025,2776,2779,1697,-304,-688,-1789,-1238,0.68829345703125,0.4036865234375,-0.51043701171875,-0.320068359375,4.02
797,159,4035,15342,2849,2736,1643,-1097,-688,-1789,-1238,0.6876220703125,0.40625,-0.50927734375,-0.3201904296875,4.02
798,159,4107,15679,2870,2716,1609,-1895,-727,-1789,-1277,0.686767578125,0.40899658203125,-0.50787353515625,-0.32061767578125,4.02
799,159,4146,16107,2963,2670,1544,-2608,-727,-1789,-1277,0.685791015625,0.411865234375,-0.50634765625,-0.32147216796875,4.02
800,159,4262,16376,2910,2581,1427,-3233,-727,-1828,-1199,0.68463134765625,0.4149169921875,-0.5047607421875,-0.32257080078125,4.02
801,159,4266,16363,2830,2500,1312,-3776,-727,-1828,-1199,0.683349609375,0.41802978515625,-0.5030517578125,-0.32391357421875,4.02
802,159,4268,16427,2723,2437,1155,-4243,-688,-1749,-1317,0.68194580078125,0.42120361328125,-0.5013427734375,-0.32550048828125,4.02
803,159,4315,16662,2559,2411,933,-4690,-688,-1749,-1317,0.6802978515625,0.42437744140625,-0.49969482421875,-0.32733154296875,4.02
804,159,4381,17026,2434,2405,642,-5037,-688,-1789,-1238,0.678466796875,0.42767333984375,-0.4981689453125,-0.32928466796875,4.02
805,159,4501,17471,2570,2354,406,-5277,-688,-1789,-1238,0.676513671875,0.43084716796875,-0.49658203125,-0.3314208984375,4.02
806,159,4493,17803,2580,2306,157,-5454,-570,-1828,-1317,0.67449951171875,0.43408203125,-0.49505615234375,-0.33367919921875,4.02
807,159,4518,17727,2573,2203,-81,-5527,-570,-1828,-1317,0.67236328125,0.4371337890625,-0.4935302734375,-0.33612060546875,4.02
808,159,4376,17493,2488,2123,-303,-5503,-530,-1828,-1277,0.67022705078125,0.440185546875,-0.49212646484375,-0.33856201171875,4.02
809,159,4250,17336,2490,2084,-634,-5503,-530,-1828,-1277,0.66796875,0.4429931640625,-0.4908447265625,-0.34112548828125,4.02
810,159,4205,17323,2360,2079,-874,-5476,-530,-1828,-1199,0.6656494140625,0.44580078125,-0.48974609375,-0.34368896484375,4.02
811,159,4330,17520,2334,2033,-1056,-5499,-530,-1828,-1199,0.663330078125,0.44842529296875,-0.48870849609375,-0.34619140625,4.02
812,159,4578,17579,2374,1939,-1166,-5473,-452,-1867,-1277,0.66094970703125,0.450927734375,-0.48773193359375,-0.3487548828125,4.02
813,159,4793,17625,2419,1855,-1156,-5419,-452,-1867,-1277,0.65875244140625,0.45330810546875,-0.48681640625,-0.35125732421875,4.02
814,159,4991,17609,2619,1768,-1121,-5330,-452,-1907,-1238,0.65667724609375,0.4554443359375,-0.48583984375,-0.3536376953125,4.02
815,159,5021,17604,2421,1630,-1081,-5241,-452,-1907,-1238,0.6546630859375,0.45751953125,-0.4849853515625,-0.35595703125,4.02
816,159,5024,17569,2671,1468,-1056,-5159,-412,-1946,-1238,0.65277099609375,0.45947265625,-0.48394775390625,-0.3582763671875,4.02
817,159,5138,17447,2789,1254,-904,-5046,-412,-1946,-1238,0.651123046875,0.461181640625,-0.48284912109375,-0.360595703125,4.02
818,159,5214,17193,2825,951,-817,-4894,-373,-1867,-1199,0.64971923828125,0.46258544921875,-0.48175048828125,-0.36279296875,4.02
819,159,5296,16869,2643,654,-699,-4705,-373,-1867,-1199,0.6484375,0.4638671875,-0.480712890625,-0.36480712890625,4.02
820,159,5323,16745,2457,417,-571,-4511,-334,-1867,-1120,0.64727783203125,0.465087890625,-0.4796142578125,-0.36676025390625,4.02
821,159,5255,16810,2108,116,-656,-4276,-334,-1867,-1120,0.6461181640625,0.46612548828125,-0.47869873046875,-0.36865234375,4.02
822,159,5169,16895,1562,-147,-783,-3998,-334,-1907,-1120,0.64495849609375,0.46710205078125,-0.47796630859375,-0.37042236328125,4.02
823,159,4920,17166,1350,-437,-1190,-3720,-334,-1907,-1120,0.6436767578125,0.46783447265625,-0.4774169921875,-0.37237548828125,4.02
824,159,4908,17436,937,-631,-1467,-3465,-255,-1867,-1159,0.642333984375,0.468505859375,-0.47711181640625,-0.374267578125,4.02
825,159,4842,17797,742,-821,-1811,-3243,-255,-1867,-1159,0.6409912109375,0.468994140625,-0.4769287109375,-0.376220703125,4.02
826,159,4729,18274,412,-949,-2321,-3007,-334,-1946,-1199,0.63946533203125,0.46917724609375,-0.47705078125,-0.3782958984375,4.02
827,159,4620,18551,210,-1098,-2985,-2725,-334,-1946,-1199,0.63787841796875,0.4691162109375,-0.4775390625,-0.3804931640625,4.02
828,159,4548,18805,55,-1184,-3743,-2477,-334,-1907,-1120,0.6361083984375,0.46881103515625,-0.4783935546875,-0.38287353515625,4.02
829,159,4642,18878,10,-1223,-4502,-2249,-334,-1907,-1120,0.6341552734375,0.4681396484375,-0.4796142578125,-0.38531494140625,4.02
830,159,4821,18868,-62,-1255,-5243,-1956,-334,-1867,-1120,0.632080078125,0.4671630859375,-0.48126220703125,-0.38787841796875,4.02
831,159,4918,18797,-63,-1182,-5887,-1638,-334,-1867,-1120,0.62982177734375,0.4659423828125,-0.4832763671875,-0.39044189453125,4.02
832,159,5034,18515,63,-1120,-6398,-1262,-334,-1985,-1120,0.6275634765625,0.46453857421875,-0.485595703125,-0.3929443359375,4.02
833,159,5211,17855,183,-1040,-6677,-840,-334,-1985,-1120,0.62530517578125,0.46282958984375,-0.48822021484375,-0.395263671875,4.02
834,159,5394,17123,417,-929,-6704,-376,-334,-1907,-1159,0.62322998046875,0.46087646484375,-0.49102783203125,-0.39727783203125,4.02
835,159,5553,16432,747,-775,-6320,89,-334,-1907,-1159,0.6214599609375,0.45880126953125,-0.493896484375,-0.39892578125,4.02
836,159,5832,15825,1079,-649,-5679,593,-294,-1946,-1081,0.6201171875,0.4566650390625,-0.49658203125,-0.40008544921875,4.02
837,159,5981,15309,1432,-533,-4790,1148,-294,-1946,-1081,0.61932373046875,0.4544677734375,-0.49908447265625,-0.40069580078125,4.02
838,159,5949,14855,1656,-468,-3663,1703,-373,-2025,-1042,0.61907958984375,0.45233154296875,-0.5013427734375,-0.40069580078125,4.02
839,159,5871,14291,1596,-388,-2552,2289,-373,-2025,-1042,0.619384765625,0.4503173828125,-0.5032958984375,-0.400146484375,4.02
840,159,5675,13864,1449,-305,-1419,2827,-412,-1907,-1199,0.6201171875,0.4483642578125,-0.5050048828125,-0.39898681640625,4.02
841,159,5743,13397,1280,-189,-276,3391,-412,-1907,-1199,0.62127685546875,0.44659423828125,-0.50653076171875,-0.397216796875,4.02
842,159,5636,13235,1135,-162,961,3859,-373,-1946,-1081,0.6229248046875,0.44512939453125,-0.50762939453125,-0.39483642578125,4.02
843,159,5409,13016,916,-113,1874,4261,-373,-1946,-1081,0.624755859375,0.4439697265625,-0.50848388671875,-0.39215087890625,4.02
844,159,5048,13095,849,-98,2530,4613,-373,-1946,-1120,0.6268310546875,0.44293212890625,-0.50909423828125,-0.38916015625,4.02
845,159,4735,13338,606,-147,2920,4956,-373,-1946,-1120,0.62896728515625,0.44207763671875,-0.50958251953125,-0.3861083984375,4.02
846,159,4627,13616,507,-242,3233,5179,-294,-1985,-1120,0.63116455078125,0.44140625,-0.5098876953125,-0.3829345703125,4.02
847,159,4490,13974,420,-365,3329,5279,-294,-1985,-1120,0.63336181640625,0.44073486328125,-0.51007080078125,-0.37982177734375,4.02
848,159,4159,14384,176,-533,3202,5351,-412,-1946,-1081,0.635498046875,0.43994140625,-0.51025390625,-0.3768310546875,4.02
849,159,3971,14725,177,-763,2927,5240,-412,-1946,-1081,0.63751220703125,0.43914794921875,-0.51043701171875,-0.3741455078125,4.02
850,159,3798,15110,62,-959,2453,5130,-452,-1867,-1120,0.63934326171875,0.43817138671875,-0.5107421875,-0.37176513671875,4.02
851,159,3648,15508,-40,-1229,1793,4903,-452,-1867,-1120,0.640869140625,0.43701171875,-0.51116943359375,-0.3697509765625,4.02
852,159,3546,15686,-83,-1494,962,4624,-452,-1867,-1081,0.64215087890625,0.43572998046875,-0.51171875,-0.3682861328125,4.02
853,159,3468,15696,-245,-1772,-42,4357,-452,-1867,-1081,0.64312744140625,0.43426513671875,-0.5125732421875,-0.36724853515625,4.02
854,159,3331,15547,-207,-2022,-1257,4016,-491,-1907,-1120,0.64361572265625,0.43243408203125,-0.51373291015625,-0.3668212890625,4.02
855,159,3309,15339,-206,-2288,-2462,3687,-491,-1907,-1120,0.6436767578125,0.43035888671875,-0.5152587890625,-0.366943359375,4.02
856,159,3384,15044,-257,-2446,-3571,3354,-452,-1946,-1081,0.64337158203125,0.42816162109375,-0.51708984375,-0.36761474609375,4.02
857,159,3514,14806,-341,-2578,-4431,3022,-452,-1946,-1081,0.6427001953125,0.42572021484375,-0.5191650390625,-0.36859130859375,4.02
858,159,3688,14540,-389,-2641,-5099,2674,-530,-1749,-1081,0.64178466796875,0.42315673828125,-0.52154541015625,-0.369873046875,4.02
859,159,3751,14313,-377,-2643,-5705,2319,-530,-1749,-1081,0.64056396484375,0.42047119140625,-0.5240478515625,-0.3714599609375,4.02
860,159,3816,14113,-492,-2615,-6371,2039,-491,-1867,-1120,0.6390380859375,0.4178466796875,-0.5267333984375,-0.37335205078125,4.02
861,159,3896,13859,-377,-2535,-6720,1700,-491,-1867,-1120,0.63726806640625,0.41522216796875,-0.52947998046875,-0.3753662109375,4.02
862,159,4057,13753,-442,-2368,-7015,1355,-412,-1907,-1199,0.63525390625,0.41278076171875,-0.5322265625,-0.3775634765625,4.02
863,159,4344,13732,-536,-2168,-7038,929,-412,-1907,-1199,0.633056640625,0.41058349609375,-0.53497314453125,-0.3797607421875,4.02
864,159,4415,13917,-391,-1900,-6943,456,-530,-1867,-1120,0.6307373046875,0.40850830078125,-0.53765869140625,-0.382080078125,4.02
865,159,4566,14013,-686,-1627,-6763,-84,-530,-1867,-1120,0.6282958984375,0.40673828125,-0.54022216796875,-0.3843994140625,4.02
866,159,4702,14302,-709,-1299,-6550,-633,-688,-1946,-1081,0.62567138671875,0.4052734375,-0.54266357421875,-0.38677978515625,4.02
867,159,4892,14500,-612,-1022,-6195,-1240,-688,-1946,-1081,0.62298583984375,0.4041748046875,-0.54486083984375,-0.38916015625,4.02
868,159,5111,14671,-493,-695,-5647,-1833,-609,-1828,-1159,0.62030029296875,0.40350341796875,-0.5467529296875,-0.39154052734375,4.02
869,159,5275,14733,-443,-374,-4929,-2457,-609,-1828,-1159,0.61761474609375,0.4033203125,-0.54827880859375,-0.393798828125,4.02
870,159,5403,14924,-136,-133,-4125,-3044,-648,-1867,-1159,0.61505126953125,0.40362548828125,-0.54931640625,-0.39599609375,4.02
871,159,5534,15061,-95,147,-3180,-3652,-648,-1867,-1159,0.6126708984375,0.4044189453125,-0.5499267578125,-0.39813232421875,4.02
872,159,5593,15227,101,394,-2272,-4218,-648,-1828,-1042,0.61041259765625,0.4056396484375,-0.550048828125,-0.40008544921875,4.02
873,159,5722,15381,337,566,-1293,-4771,-648,-1828,-1042,0.6083984375,0.4073486328125,-0.5496826171875,-0.4019775390625,4.02
874,159,5933,15264,529,823,-228,-5299,-648,-1789,-1081,0.60662841796875,0.409423828125,-0.548828125,-0.40362548828125,4.02
875,159,5912,15196,403,1030,712,-5757,-648,-1789,-1081,0.60504150390625,0.41204833984375,-0.54754638671875,-0.4051513671875,4.02
876,159,5785,15235,468,1285,1574,-6245,-530,-1907,-1081,0.603515625,0.41522216796875,-0.5457763671875,-0.406494140625,4.02
877,159,5743,15309,361,1539,2375,-6728,-530,-1907,-1081,0.60205078125,0.41888427734375,-0.54364013671875,-0.40771484375,4.02
878,159,5963,15541,663,1770,3282,-7146,-530,-1867,-1159,0.60089111328125,0.4228515625,-0.5411376953125,-0.40869140625,4.02
879,159,6321,15734,837,1992,4430,-7552,-530,-1867,-1159,0.60009765625,0.42718505859375,-0.53814697265625,-0.40936279296875,4.02
880,159,6575,15967,1316,2121,5466,-7895,-491,-1828,-1042,0.59967041015625,0.4317626953125,-0.53460693359375,-0.40985107421875,4.02
881,159,6677,16317,1615,2237,6625,-8141,-491,-1828,-1042,0.599609375,0.4366455078125,-0.530517578125,-0.4100341796875,4.02
882,159,6880,16664,1909,2332,7810,-8288,-412,-1907,-1081,0.5999755859375,0.44189453125,-0.52587890625,-0.40985107421875,4.02
883,159,7081,16956,2421,2272,9026,-8309,-412,-1907,-1081,0.60101318359375,0.44720458984375,-0.5206298828125,-0.4093017578125,4.02
884,159,7094,16989,2575,2193,10040,-8258,-452,-1907,-1081,0.60235595703125,0.4525146484375,-0.5150146484375,-0.40850830078125,4.02
885,159,6891,17036,2743,2095,10808,-8143,-452,-1907,-1081,0.60406494140625,0.4578857421875,-0.50909423828125,-0.407470703125,4.02
886,159,6653,17227,3126,1950,11280,-7848,-294,-1946,-1042,0.6060791015625,0.4632568359375,-0.50274658203125,-0.40625,4.02
887,159,6647,17069,3495,1785,11643,-7401,-294,-1946,-1042,0.6083984375,0.4683837890625,-0.49627685546875,-0.40478515625,4.02
888,159,6501,16897,3806,1623,11891,-6847,-255,-1985,-1042,0.611083984375,0.47314453125,-0.48974609375,-0.40313720703125,4.02
889,159,6223,16607,4029,1462,11878,-6175,-255,-1985,-1042,0.61395263671875,0.47760009765625,-0.48333740234375,-0.4012451171875,4.02
890,159,5894,16430,4437,1258,11687,-5439,-98,-2064,-1159,0.6170654296875,0.481689453125,-0.47686767578125,-0.39935302734375,4.02
891,159,5881,16590,4575,1069,11439,-4657,-98,-2064,-1159,0.620361328125,0.48529052734375,-0.470703125,-0.397216796875,4.02
892,159,5594,16724,4804,765,11031,-3833,-98,-2064,-1120,0.62371826171875,0.4884033203125,-0.46484375,-0.39501953125,4.02
893,159,5108,16925,4682,315,10269,-3030,-98,-2064,-1120,0.62713623046875,0.490966796875,-0.45928955078125,-0.3929443359375,4.02
894,159,4715,17374,4276,-80,8980,-2224,-19,-2103,-1081,0.6302490234375,0.4930419921875,-0.45428466796875,-0.39111328125,4.02
895,159,4341,17783,3724,-456,7644,-1407,-19,-2103,-1081,0.63299560546875,0.49468994140625,-0.45013427734375,-0.38946533203125,4.02
896,159,3659,18087,2993,-803,6054,-907,-58,-1985,-1081,0.6351318359375,0.49591064453125,-0.4468994140625,-0.3883056640625,4.02
897,159,2878,18450,2294,-1031,4245,-498,-58,-1985,-1081,0.63653564453125,0.496826171875,-0.44451904296875,-0.38763427734375,4.02
898,159,2529,19062,1741,-1199,2566,-309,58,-1985,-1042,0.63726806640625,0.49755859375,-0.4427490234375,-0.387451171875,4.02
899,159,2562,19949,1654,-1213,1164,-313,58,-1985,-1042,0.6375732421875,0.4979248046875,-0.441650390625,-0.3876953125,4.02
900,159,3258,20488,1644,-1240,437,-338,58,-1985,-1159,0.6376953125,0.498046875,-0.4410400390625,-0.3880615234375,4.02
901,159,3317,20398,1929,-1267,-232,-425,58,-1985,-1159,0.63775634765625,0.4979248046875,-0.44061279296875,-0.388671875,4.02
902,159,3023,20104,2057,-1212,-833,-525,-19,-1985,-1120,0.6375732421875,0.49761962890625,-0.44036865234375,-0.38958740234375,4.02
903,159,2509,19705,2436,-1351,-1706,-671,-19,-1985,-1120,0.63720703125,0.4970703125,-0.44024658203125,-0.39105224609375,4.02
904,159,2269,18697,2804,-1527,-3051,-641,19,-1985,-1120,0.6365966796875,0.49603271484375,-0.44036865234375,-0.39306640625,4.02
905,159,2542,17277,3266,-1728,-4214,-597,19,-1985,-1120,0.63604736328125,0.49432373046875,-0.44091796875,-0.39556884765625,4.02
906,159,3110,15803,3555,-1906,-4963,-524,19,-2103,-1159,0.6357421875,0.491943359375,-0.44171142578125,-0.39813232421875,4.02
